50 112
1 3
1 5
1 7
1 13
1 15
1 20
1 24
1 28
1 32
1 44
2 10
2 21
2 27
2 47
3 25
3 26
3 46
3 47
4 11
4 21
4 33
5 12
5 32
5 42
6 7
6 26
6 29
7 29
7 32
7 38
7 44
8 9
8 35
9 26
9 27
9 28
9 40
10 16
10 20
10 22
10 24
10 26
10 35
10 41
11 34
11 43
11 44
11 49
12 13
12 22
12 31
12 33
12 42
12 45
13 16
13 31
13 33
13 43
13 46
13 48
14 17
14 25
14 42
15 37
16 17
16 20
16 25
16 32
17 22
17 43
18 31
18 46
20 21
20 25
20 50
21 22
21 30
22 36
22 44
22 48
24 31
24 42
25 38
26 34
26 35
26 38
27 44
27 48
28 29
28 30
28 40
29 38
29 40
30 31
30 35
31 47
32 38
32 45
33 35
33 38
33 44
34 39
34 45
34 48
34 49
34 50
36 38
36 50
37 45
39 47
41 49
45 48
