100 196
1 3
2 3
1 4
2 4
3 5
4 5
2 6
5 6
1 7
4 7
1 8
3 8
4 9
8 9
5 10
7 10
1 11
10 11
4 12
5 12
3 13
9 13
1 14
10 14
1 15
5 15
1 16
3 16
10 17
11 17
3 18
5 18
9 19
14 19
19 20
3 20
5 21
6 21
1 22
12 22
3 23
8 23
16 24
17 24
1 25
5 25
22 26
15 26
2 27
6 27
2 28
23 28
3 29
23 29
19 30
14 30
2 31
4 31
5 32
24 32
5 33
30 33
14 34
31 34
19 35
7 35
5 36
31 36
18 37
31 37
23 38
12 38
4 39
6 39
1 40
22 40
3 41
27 41
28 42
15 42
1 43
23 43
3 44
7 44
3 45
4 45
25 46
27 46
7 47
11 47
32 48
25 48
32 49
42 49
1 50
5 50
28 51
30 51
5 52
31 52
23 53
40 53
3 54
39 54
16 55
3 55
8 56
9 56
50 57
52 57
4 58
14 58
18 59
6 59
49 60
10 60
49 61
59 61
2 62
42 62
5 63
42 63
5 64
9 64
2 65
45 65
3 66
45 66
49 67
6 67
23 68
63 68
32 69
52 69
7 70
15 70
16 71
40 71
22 72
54 72
3 73
51 73
1 74
27 74
18 75
22 75
29 76
14 76
3 77
27 77
21 78
37 78
5 79
10 79
16 80
18 80
2 81
62 81
30 82
79 82
76 83
62 83
5 84
75 84
49 85
3 85
49 86
31 86
75 87
11 87
43 88
27 88
1 89
3 89
16 90
10 90
64 91
3 91
64 92
73 92
19 93
42 93
2 94
28 94
16 95
19 95
52 96
13 96
68 97
62 97
49 98
3 98
65 99
9 99
3 100
26 100
