500 996
1 3
2 3
1 4
2 4
3 5
4 5
2 6
5 6
1 7
4 7
1 8
3 8
4 9
8 9
5 10
7 10
1 11
10 11
4 12
5 12
3 13
9 13
1 14
10 14
1 15
5 15
1 16
3 16
10 17
11 17
3 18
5 18
9 19
14 19
19 20
3 20
5 21
6 21
1 22
12 22
3 23
8 23
16 24
17 24
1 25
5 25
22 26
15 26
2 27
6 27
2 28
23 28
3 29
23 29
19 30
14 30
2 31
4 31
5 32
24 32
5 33
30 33
14 34
31 34
19 35
7 35
5 36
31 36
18 37
31 37
23 38
12 38
4 39
6 39
1 40
22 40
3 41
27 41
28 42
15 42
1 43
23 43
3 44
7 44
3 45
4 45
25 46
27 46
7 47
11 47
32 48
25 48
32 49
42 49
1 50
5 50
28 51
30 51
5 52
31 52
23 53
40 53
3 54
39 54
16 55
3 55
8 56
9 56
50 57
52 57
4 58
14 58
18 59
6 59
49 60
10 60
49 61
59 61
2 62
42 62
5 63
42 63
5 64
9 64
2 65
45 65
3 66
45 66
49 67
6 67
23 68
63 68
32 69
52 69
7 70
15 70
16 71
40 71
22 72
54 72
3 73
51 73
1 74
27 74
18 75
22 75
29 76
14 76
3 77
27 77
21 78
37 78
5 79
10 79
16 80
18 80
2 81
62 81
30 82
79 82
76 83
62 83
5 84
75 84
49 85
3 85
49 86
31 86
75 87
11 87
43 88
27 88
1 89
3 89
16 90
10 90
64 91
3 91
64 92
73 92
19 93
42 93
2 94
28 94
16 95
19 95
52 96
13 96
68 97
62 97
49 98
3 98
65 99
9 99
3 100
26 100
2 101
72 101
49 102
51 102
11 103
13 103
3 104
58 104
3 105
4 105
54 106
105 106
52 107
8 107
2 108
12 108
40 109
46 109
4 110
37 110
19 111
75 111
7 112
79 112
3 113
56 113
82 114
90 114
4 115
42 115
96 116
28 116
3 117
41 117
65 118
3 118
37 119
59 119
42 120
14 120
27 121
95 121
4 122
91 122
20 123
5 123
25 124
106 124
43 125
62 125
10 126
45 126
20 127
15 127
71 128
124 128
33 129
12 129
40 130
46 130
130 131
72 131
42 132
12 132
50 133
104 133
40 134
42 134
3 135
94 135
1 136
4 136
113 137
23 137
108 138
60 138
72 139
42 139
3 140
19 140
140 141
110 141
116 142
22 142
84 143
7 143
112 144
4 144
115 145
58 145
34 146
3 146
3 147
110 147
27 148
125 148
49 149
23 149
52 150
62 150
49 151
44 151
40 152
91 152
50 153
90 153
97 154
8 154
148 155
40 155
8 156
10 156
90 157
28 157
82 158
90 158
4 159
12 159
119 160
11 160
3 161
22 161
50 162
52 162
54 163
57 163
22 164
151 164
1 165
10 165
3 166
158 166
26 167
42 167
1 168
106 168
38 169
11 169
21 170
90 170
35 171
158 171
146 172
91 172
151 173
11 173
49 174
31 174
81 175
59 175
2 176
3 176
113 177
133 177
65 178
11 178
1 179
3 179
19 180
5 180
3 181
61 181
9 182
31 182
1 183
152 183
2 184
157 184
32 185
5 185
25 186
90 186
50 187
4 187
16 188
22 188
52 189
102 189
36 190
5 190
3 191
31 191
154 192
78 192
16 193
160 193
71 194
90 194
17 195
22 195
16 196
3 196
6 197
40 197
7 198
91 198
183 199
76 199
4 200
94 200
68 201
5 201
138 202
11 202
3 203
90 203
18 204
86 204
90 205
156 205
145 206
126 206
5 207
91 207
88 208
62 208
88 209
56 209
161 210
90 210
40 211
90 211
17 212
198 212
129 213
43 213
213 214
14 214
209 215
12 215
32 216
93 216
1 217
28 217
185 218
94 218
32 219
18 219
5 220
156 220
146 221
4 221
68 222
55 222
2 223
123 223
102 224
13 224
64 225
58 225
219 226
173 226
4 227
165 227
184 228
79 228
3 229
14 229
150 230
168 230
119 231
28 231
214 232
61 232
129 233
3 233
71 234
92 234
208 235
81 235
231 236
27 236
57 237
46 237
1 238
42 238
212 239
166 239
36 240
153 240
104 241
90 241
160 242
95 242
52 243
90 243
107 244
28 244
3 245
88 245
52 246
238 246
192 247
57 247
82 248
28 248
2 249
25 249
1 250
43 250
244 251
8 251
149 252
216 252
1 253
3 253
5 254
8 254
90 255
26 255
7 256
203 256
7 257
27 257
241 258
4 258
17 259
75 259
224 260
113 260
205 261
30 261
129 262
182 262
258 263
27 263
91 264
14 264
6 265
155 265
10 266
44 266
134 267
39 267
50 268
4 268
145 269
213 269
259 270
75 270
112 271
262 271
249 272
9 272
49 273
214 273
64 274
50 274
87 275
31 275
166 276
157 276
11 277
95 277
67 278
12 278
10 279
45 279
4 280
166 280
72 281
74 281
55 282
104 282
68 283
45 283
5 284
231 284
2 285
37 285
125 286
78 286
65 287
269 287
12 288
204 288
35 289
104 289
225 290
40 290
180 291
10 291
131 292
75 292
45 293
94 293
101 294
134 294
184 295
25 295
140 296
158 296
150 297
8 297
128 298
78 298
272 299
90 299
279 300
159 300
36 301
25 301
27 302
268 302
156 303
221 303
157 304
14 304
3 305
120 305
68 306
40 306
4 307
185 307
16 308
11 308
69 309
158 309
197 310
7 310
116 311
79 311
117 312
152 312
5 313
22 313
90 314
110 314
26 315
78 315
184 316
281 316
1 317
297 317
213 318
88 318
224 319
72 319
73 320
44 320
307 321
206 321
129 322
289 322
145 323
5 323
23 324
119 324
166 325
74 325
77 326
14 326
6 327
118 327
96 328
43 328
254 329
14 329
99 330
14 330
195 331
25 331
160 332
34 332
86 333
6 333
96 334
93 334
11 335
45 335
248 336
92 336
41 337
61 337
163 338
104 338
2 339
206 339
166 340
43 340
5 341
279 341
291 342
12 342
2 343
72 343
5 344
40 344
2 345
90 345
4 346
132 346
81 347
233 347
39 348
89 348
5 349
203 349
16 350
131 350
90 351
15 351
40 352
79 352
329 353
94 353
10 354
189 354
72 355
88 355
118 356
281 356
8 357
255 357
3 358
28 358
121 359
27 359
2 360
102 360
213 361
15 361
245 362
10 362
155 363
124 363
228 364
218 364
81 365
90 365
3 366
297 366
18 367
184 367
36 368
25 368
2 369
178 369
3 370
15 370
246 371
331 371
32 372
1 372
228 373
132 373
11 374
302 374
52 375
206 375
19 376
46 376
7 377
28 377
377 378
105 378
145 379
163 379
18 380
57 380
4 381
150 381
16 382
197 382
327 383
59 383
5 384
105 384
208 385
14 385
182 386
11 386
179 387
9 387
3 388
149 388
101 389
93 389
347 390
95 390
160 391
27 391
82 392
84 392
187 393
365 393
160 394
204 394
145 395
40 395
41 396
283 396
157 397
14 397
25 398
61 398
5 399
217 399
17 400
130 400
118 401
78 401
81 402
91 402
3 403
166 403
224 404
1 404
5 405
303 405
2 406
375 406
72 407
379 407
18 408
14 408
404 409
383 409
2 410
42 410
199 411
189 411
1 412
82 412
7 413
28 413
4 414
141 414
52 415
43 415
1 416
27 416
80 417
91 417
195 418
45 418
35 419
12 419
19 420
54 420
337 421
52 421
64 422
1 422
5 423
7 423
92 424
47 424
19 425
5 425
5 426
69 426
246 427
8 427
247 428
347 428
2 429
381 429
176 430
366 430
212 431
404 431
416 432
252 432
194 433
424 433
155 434
14 434
118 435
111 435
352 436
88 436
153 437
141 437
128 438
324 438
3 439
5 439
216 440
203 440
50 441
269 441
84 442
8 442
64 443
387 443
49 444
157 444
204 445
159 445
400 446
21 446
55 447
90 447
398 448
79 448
368 449
42 449
220 450
222 450
2 451
184 451
386 452
287 452
180 453
159 453
5 454
74 454
160 455
189 455
12 456
15 456
228 457
14 457
49 458
146 458
88 459
413 459
4 460
74 460
16 461
12 461
434 462
19 462
324 463
12 463
102 464
410 464
217 465
186 465
160 466
18 466
32 467
65 467
307 468
75 468
208 469
54 469
64 470
437 470
388 471
205 471
244 472
156 472
118 473
13 473
1 474
134 474
3 475
75 475
2 476
56 476
7 477
91 477
1 478
348 478
88 479
185 479
209 480
190 480
8 481
233 481
86 482
8 482
328 483
125 483
27 484
191 484
238 485
286 485
3 486
195 486
115 487
89 487
211 488
41 488
160 489
290 489
4 490
334 490
32 491
274 491
118 492
11 492
90 493
45 493
215 494
12 494
49 495
129 495
81 496
116 496
16 497
7 497
68 498
118 498
49 499
89 499
248 500
12 500
