50 96
1 3
2 3
1 4
2 4
3 5
4 5
2 6
5 6
1 7
4 7
1 8
3 8
4 9
8 9
5 10
7 10
1 11
10 11
4 12
5 12
3 13
9 13
1 14
10 14
1 15
5 15
1 16
3 16
10 17
11 17
3 18
5 18
9 19
14 19
19 20
3 20
5 21
6 21
1 22
12 22
3 23
8 23
16 24
17 24
1 25
5 25
22 26
15 26
2 27
6 27
2 28
23 28
3 29
23 29
19 30
14 30
2 31
4 31
5 32
24 32
5 33
30 33
14 34
31 34
19 35
7 35
5 36
31 36
18 37
31 37
23 38
12 38
4 39
6 39
1 40
22 40
3 41
27 41
28 42
15 42
1 43
23 43
3 44
7 44
3 45
4 45
25 46
27 46
7 47
11 47
32 48
25 48
32 49
42 49
1 50
5 50
