100 232
1 26
1 73
1 74
1 100
2 8
2 58
3 21
3 97
4 9
4 17
4 31
4 35
4 73
4 92
4 93
4 97
5 29
5 36
5 43
5 100
6 52
6 93
6 98
7 13
7 88
8 17
8 38
8 42
8 58
9 10
9 17
9 43
9 81
9 100
10 41
10 65
11 17
11 26
11 31
11 33
12 18
12 20
12 76
13 70
13 71
13 73
13 80
13 91
13 93
14 40
14 71
14 72
14 74
14 95
15 16
15 20
15 62
15 73
16 36
16 50
16 62
16 92
17 25
17 35
17 44
17 49
17 58
18 19
18 27
18 34
18 72
19 69
19 99
20 72
20 73
21 41
21 52
21 53
21 63
21 76
22 49
22 57
22 61
22 68
22 78
22 86
23 41
23 47
23 53
23 71
24 28
24 38
24 55
24 60
24 71
24 72
24 78
24 99
25 71
25 82
26 34
26 82
27 48
27 61
27 78
28 47
28 77
28 91
29 56
30 47
30 92
31 48
31 78
32 63
32 65
32 69
33 37
33 38
33 41
33 52
33 63
33 65
34 46
34 59
34 67
34 90
34 92
34 94
34 99
35 70
35 87
36 58
36 97
37 44
37 49
37 93
38 77
39 46
39 68
39 96
40 59
40 70
40 89
41 62
41 85
41 94
42 74
42 90
42 99
43 91
44 50
44 81
44 86
45 66
45 78
45 87
45 93
46 49
46 59
46 81
46 88
48 69
49 66
49 81
49 87
50 90
50 98
51 89
51 97
52 64
52 94
54 57
55 94
56 57
57 59
57 72
57 81
57 83
57 87
57 92
59 75
60 94
60 97
61 86
62 74
62 87
62 92
62 96
64 69
64 84
65 81
66 70
66 71
66 79
66 84
67 69
67 83
67 96
68 72
68 76
68 79
68 90
69 91
70 72
70 73
71 100
72 74
72 89
72 97
73 75
73 79
73 94
74 78
75 77
75 80
75 91
75 96
77 92
78 98
78 100
79 97
81 96
81 98
82 90
82 98
82 100
88 92
89 90
89 96
90 98
91 94
95 97
