150 540
1 26
1 73
1 74
1 100
1 106
2 8
2 68
2 144
3 5
3 13
3 27
3 31
3 69
3 88
3 89
3 93
3 120
3 127
3 134
4 45
4 91
4 132
4 137
4 145
5 75
5 96
5 117
5 121
5 137
6 36
6 43
6 69
6 107
6 126
7 14
7 38
7 79
7 88
7 93
7 95
8 26
8 28
8 84
9 24
9 25
9 27
9 34
9 45
9 47
9 80
9 111
9 112
9 114
9 135
9 141
9 145
10 47
10 58
10 105
10 119
10 131
11 22
11 38
11 48
11 57
11 62
11 71
11 114
11 122
11 129
12 29
12 107
12 137
13 53
13 54
13 101
13 112
13 113
13 123
13 136
14 51
14 59
14 63
14 70
14 80
14 88
14 120
14 126
14 132
14 150
15 48
15 58
15 75
15 80
15 91
15 92
15 98
15 119
16 32
16 43
16 69
16 117
17 23
17 36
17 53
17 94
17 124
17 138
18 42
18 103
18 148
19 42
19 72
19 125
19 127
19 131
20 36
20 37
20 40
20 51
20 62
20 64
20 111
20 124
20 132
21 26
21 28
21 30
21 35
21 71
21 88
21 123
22 34
22 44
22 49
22 93
22 139
23 42
23 64
23 92
23 115
23 126
23 145
24 51
24 74
24 83
24 121
24 137
24 146
25 70
25 85
25 116
25 121
26 32
26 44
26 53
26 59
26 69
26 79
26 101
26 108
27 71
27 119
27 134
27 140
28 71
28 79
28 119
28 127
28 142
29 51
29 107
30 69
30 76
30 121
30 134
30 143
30 145
30 149
31 35
31 101
32 42
32 45
32 73
32 99
32 112
32 117
32 121
33 50
33 65
33 97
33 120
33 121
33 129
33 134
34 36
34 50
34 63
34 71
34 75
34 78
34 89
34 121
34 132
34 133
35 74
35 76
35 91
35 99
35 104
35 108
35 123
35 133
36 43
36 46
36 57
36 62
36 105
36 133
36 135
37 40
37 78
37 80
37 90
37 98
37 100
38 67
38 76
38 82
38 94
38 99
38 128
39 41
39 49
39 75
39 79
39 88
39 99
39 114
39 119
39 144
40 45
40 100
40 102
40 109
40 112
41 81
41 99
41 110
41 111
41 143
41 150
42 50
42 58
42 61
42 91
42 123
42 125
42 139
43 71
43 136
44 45
44 76
44 135
44 136
45 97
45 124
45 128
45 141
45 144
45 147
46 55
46 119
46 131
47 50
47 51
47 73
47 121
47 148
48 80
48 99
48 133
49 50
49 54
49 97
49 100
49 107
49 122
50 51
50 55
50 98
50 99
50 103
50 109
50 141
51 93
51 99
51 138
52 70
52 93
52 97
52 139
52 141
53 94
53 133
53 146
53 148
54 72
54 84
54 108
54 111
54 133
55 65
55 67
55 76
55 84
55 134
55 150
56 107
56 113
56 114
56 121
56 139
57 58
57 63
57 72
57 119
57 134
57 143
58 78
58 102
58 105
58 106
58 121
58 125
58 139
59 72
59 99
59 102
59 128
59 129
59 138
59 145
60 62
60 70
60 102
60 115
61 63
61 69
61 73
61 78
61 147
62 93
62 129
62 142
63 70
63 72
63 75
63 94
63 107
63 120
63 129
63 135
63 148
63 149
64 67
64 77
65 96
65 109
65 124
66 94
66 107
66 108
66 114
66 129
66 141
66 143
67 117
68 85
68 108
68 113
68 124
68 135
68 145
69 100
69 105
69 134
69 149
70 147
71 74
71 80
71 99
71 134
72 102
73 81
73 91
73 99
73 116
73 119
73 127
74 80
74 95
74 116
75 97
75 114
75 125
75 142
76 102
76 145
77 82
77 109
77 126
77 143
78 82
78 142
78 150
79 80
79 88
79 92
79 105
79 130
80 102
80 115
80 116
80 122
80 131
80 135
80 146
81 91
81 96
81 141
82 98
82 110
85 91
85 150
86 136
87 91
87 123
87 125
88 104
88 136
89 98
89 107
89 112
89 119
89 124
89 138
89 144
90 114
90 130
91 138
91 142
91 145
92 101
92 102
92 107
92 123
92 145
92 146
93 94
93 105
93 123
93 148
94 117
94 126
94 132
95 121
95 123
95 136
95 138
96 141
97 98
97 107
97 118
97 134
98 114
98 131
98 148
99 100
99 108
99 126
99 129
99 134
99 150
100 121
100 150
101 119
101 135
102 117
103 148
104 110
104 150
107 113
107 135
107 147
108 130
108 150
109 127
109 135
109 140
109 143
109 148
111 145
112 117
112 137
112 145
113 134
113 135
114 137
115 140
115 145
116 146
117 118
117 135
118 130
118 136
119 141
121 127
121 138
122 123
122 136
124 140
124 148
126 130
127 144
128 146
129 144
130 131
131 138
131 147
132 145
134 145
135 146
137 140
139 142
141 142
142 144
143 145
147 149
148 150
