200 960
1 26
1 73
1 74
1 100
1 106
1 156
2 18
2 94
2 102
2 110
2 124
2 128
2 166
2 185
2 186
2 190
3 20
3 27
3 34
3 91
3 137
3 178
3 183
3 191
4 70
4 91
4 112
4 116
4 132
4 175
4 182
5 13
5 51
5 70
5 101
5 125
5 166
5 175
5 180
5 182
6 61
6 63
6 119
6 200
7 8
7 10
7 17
7 28
7 30
7 63
7 94
7 95
7 97
7 118
7 124
7 128
7 170
7 181
8 36
8 50
8 62
8 92
8 108
8 118
8 127
8 132
8 141
8 184
8 192
8 199
9 46
9 124
9 154
10 17
10 18
10 65
10 76
10 77
10 87
10 100
10 151
10 159
10 163
10 170
10 180
10 188
11 31
11 37
11 43
11 61
11 94
11 104
11 121
11 126
11 137
11 138
11 144
11 165
12 24
12 35
12 61
12 109
12 148
12 161
12 178
13 32
13 62
13 76
13 112
13 173
14 32
14 57
14 87
14 140
14 142
14 146
14 181
14 182
14 185
14 196
15 22
15 24
15 71
15 84
15 92
15 115
15 117
15 119
15 124
15 160
15 177
16 28
16 67
16 77
16 82
16 126
16 172
17 19
17 41
17 69
17 92
17 103
17 122
17 154
17 177
17 186
18 42
18 58
18 67
18 116
18 131
18 162
18 167
19 21
19 33
19 42
19 48
19 58
19 68
19 90
19 97
19 183
20 51
20 66
20 72
20 125
20 133
20 173
20 181
20 196
21 47
21 103
21 185
21 192
22 59
22 72
22 81
22 83
22 87
22 92
22 158
23 40
23 43
23 71
23 97
23 110
23 115
23 119
23 165
23 180
24 36
24 59
24 60
24 68
24 73
24 91
24 105
24 118
24 126
24 130
24 133
24 144
24 176
24 187
24 188
25 69
25 71
25 86
25 94
25 99
25 103
25 118
25 128
25 152
25 155
25 166
25 171
26 40
26 68
26 70
26 88
26 126
26 128
26 138
26 146
26 148
27 54
27 63
27 69
27 81
27 86
27 115
27 139
27 147
27 173
27 177
27 186
27 197
28 40
28 45
28 70
28 81
28 136
28 138
28 145
28 148
29 55
29 73
29 84
29 85
29 117
29 124
29 132
29 140
29 143
29 173
30 35
30 37
30 51
30 90
30 155
30 170
31 32
31 91
31 92
31 158
31 185
31 189
32 34
32 37
32 40
32 52
32 116
32 128
32 150
32 151
32 173
33 54
33 81
33 115
33 134
33 168
33 186
33 190
34 67
34 70
34 77
34 92
34 121
34 125
34 168
34 169
34 173
34 179
35 46
35 97
35 103
35 142
35 172
35 195
35 199
36 77
36 79
36 129
36 168
36 181
36 183
37 40
37 52
37 76
37 79
37 101
37 128
37 130
37 139
37 147
37 197
38 51
38 102
38 108
38 109
38 116
38 134
38 146
38 151
38 160
39 46
39 61
39 70
39 97
39 121
39 124
39 125
39 140
39 144
39 158
39 182
40 49
40 52
40 78
40 79
40 88
40 95
40 102
40 110
40 142
40 155
40 192
40 198
41 43
41 48
41 117
41 151
41 187
41 200
42 57
42 59
42 62
42 81
42 94
42 107
42 116
42 122
42 135
42 136
42 140
42 150
43 97
43 110
43 125
43 179
43 192
43 193
43 199
44 58
44 70
44 72
44 129
44 179
45 47
45 52
45 63
45 74
45 84
45 120
45 125
45 154
45 169
46 93
46 99
46 105
46 124
46 159
47 52
47 108
47 118
47 126
47 143
47 146
47 154
47 183
47 198
48 67
48 123
48 140
48 151
48 168
49 51
49 94
49 104
49 131
49 148
49 165
49 176
50 86
50 94
50 95
50 103
50 107
50 120
50 145
50 187
50 200
51 52
51 58
51 67
51 71
51 82
51 96
51 101
51 146
51 171
51 183
53 67
53 126
53 176
53 194
54 80
54 82
54 123
54 155
54 178
54 187
54 192
54 199
55 59
55 73
55 79
55 109
55 125
55 192
55 196
55 199
56 69
56 70
56 75
56 91
56 113
56 114
56 119
56 130
56 148
56 173
56 198
57 64
57 70
57 114
57 116
57 129
57 131
57 188
57 198
58 65
58 76
58 92
58 124
58 141
58 158
58 161
58 169
58 187
58 190
58 195
59 70
59 91
59 120
59 138
59 154
59 184
60 122
60 130
60 170
61 126
61 148
61 160
61 185
62 67
62 85
62 93
62 98
62 101
62 106
62 182
62 192
63 75
63 83
63 109
63 110
63 148
63 186
63 191
64 90
64 95
64 112
64 139
64 145
64 181
65 91
65 102
65 115
65 128
65 185
65 193
66 90
66 127
66 151
66 170
66 177
67 70
67 79
67 95
67 128
67 144
67 165
67 190
68 77
68 87
68 95
68 117
68 120
68 122
68 135
68 160
68 161
68 170
68 175
68 189
69 144
69 177
69 179
69 188
70 133
70 191
71 110
71 117
71 131
71 145
71 152
71 179
71 186
71 191
72 75
72 77
72 147
72 158
72 173
72 178
73 80
73 90
73 107
73 109
73 141
73 175
73 177
73 198
73 200
74 135
74 136
74 156
74 188
74 192
74 200
75 87
75 88
75 115
75 123
75 195
76 77
76 86
76 118
76 135
76 150
76 163
76 179
76 182
76 197
77 105
77 106
77 126
77 132
77 136
77 186
78 88
78 112
78 148
78 182
79 97
79 137
79 164
79 197
79 199
80 103
80 150
80 154
80 161
81 89
81 92
81 109
81 147
81 171
81 182
82 94
82 114
82 149
82 177
82 178
83 100
83 102
83 143
83 188
83 189
84 101
84 110
84 117
84 133
84 178
84 191
84 200
85 93
85 94
85 113
85 122
85 129
85 138
85 139
85 152
85 153
85 171
85 194
85 196
86 124
86 126
86 154
86 187
86 193
87 110
87 119
87 129
87 153
88 133
88 151
88 169
88 178
88 194
89 129
89 139
89 151
89 155
89 175
90 93
90 96
90 110
90 111
90 113
90 125
90 152
90 163
91 105
91 134
91 151
91 178
91 191
92 93
92 109
92 110
92 121
92 133
92 151
92 173
92 190
93 102
94 111
94 131
94 147
94 159
94 172
94 175
95 141
95 143
95 162
95 194
96 98
96 172
96 176
96 180
97 125
97 144
97 147
97 155
97 196
98 102
98 114
98 115
98 145
98 151
98 161
98 165
98 192
99 106
99 142
99 162
99 187
100 107
100 117
100 118
100 152
100 154
100 159
100 172
100 177
100 178
100 192
101 115
101 146
101 154
101 162
101 186
102 103
102 152
102 156
102 161
102 163
102 171
102 172
102 190
103 149
103 184
103 199
104 124
104 126
104 148
104 196
105 118
105 175
106 122
106 132
106 138
106 149
106 155
107 198
108 109
108 138
108 157
108 177
108 196
109 110
109 119
109 121
109 140
109 148
109 155
109 165
109 172
110 173
110 197
111 148
111 165
112 137
112 181
112 185
112 190
112 193
112 194
113 121
113 147
113 157
113 166
113 185
113 186
114 131
114 137
114 146
114 148
114 149
114 167
114 188
115 135
115 147
115 148
115 161
115 186
116 120
116 131
116 146
116 155
116 174
117 136
117 137
117 142
117 170
117 171
118 149
118 155
118 158
118 180
118 193
119 162
119 178
119 198
120 146
120 153
120 167
120 195
121 141
121 154
121 161
122 128
122 144
122 148
122 153
123 126
123 130
123 159
123 196
124 141
124 175
124 193
124 194
125 148
125 178
125 182
126 132
126 193
127 161
127 178
127 193
128 150
128 170
128 194
128 195
129 139
129 186
130 152
131 143
131 145
131 187
131 190
131 200
132 186
133 147
133 171
134 155
134 178
134 185
135 147
135 184
135 188
135 193
135 197
136 138
136 182
137 141
137 145
137 181
137 189
138 153
138 166
138 174
138 195
139 158
139 159
139 184
140 150
140 182
140 198
141 168
141 199
142 150
142 164
142 168
142 192
142 196
143 150
143 161
143 172
143 195
144 153
144 179
145 167
145 193
146 171
147 149
147 165
147 170
149 175
149 183
149 198
150 158
150 191
151 159
152 153
153 154
153 170
153 178
154 169
154 170
154 175
155 161
155 170
155 178
156 160
156 165
157 159
157 177
158 171
159 197
159 200
160 161
160 186
160 200
161 168
161 186
162 174
162 198
163 181
163 185
164 168
164 172
166 168
167 197
168 171
168 183
169 187
170 187
170 193
172 191
173 174
173 180
173 187
174 183
174 185
175 177
176 183
177 186
179 193
179 200
182 188
183 187
189 192
189 196
