300 2187
1 26
1 73
1 74
1 100
1 106
1 156
1 216
1 292
1 300
2 10
2 24
2 28
2 66
2 85
2 86
2 90
2 117
2 124
2 131
2 188
2 234
2 275
2 280
2 288
3 66
3 87
3 108
3 112
3 128
3 171
3 178
3 204
3 242
3 261
3 292
4 20
4 61
4 70
4 75
4 77
4 150
4 152
4 208
4 289
4 290
4 292
4 299
5 15
5 17
5 50
5 81
5 82
5 84
5 105
5 111
5 115
5 157
5 168
5 215
5 229
5 241
5 271
5 287
5 297
6 12
6 17
6 26
6 69
6 77
6 84
6 122
6 200
6 230
6 283
6 284
7 38
7 49
7 50
7 60
7 73
7 124
7 132
7 136
7 143
7 153
7 161
7 193
7 199
7 205
7 223
7 256
7 266
7 283
7 288
7 299
7 300
8 14
8 35
8 82
8 93
8 119
8 167
8 206
8 219
8 236
8 277
9 16
9 30
9 66
9 127
9 172
9 197
9 227
9 280
9 282
9 286
10 31
10 32
10 35
10 46
10 57
10 59
10 106
10 119
10 127
10 150
10 152
10 154
10 159
10 195
10 212
10 247
10 286
10 296
11 12
11 56
11 102
11 132
11 154
11 182
11 205
11 216
11 235
11 267
11 290
11 299
12 49
12 65
12 74
12 123
12 138
12 169
12 174
12 209
12 221
12 230
12 236
12 246
12 256
12 278
12 285
13 84
13 132
13 147
13 153
13 206
13 214
13 254
13 262
13 277
14 21
14 77
14 159
14 166
14 211
14 224
14 233
14 235
14 239
14 244
15 25
15 84
15 87
15 115
15 141
15 154
15 159
15 163
15 209
15 224
15 256
15 279
15 280
15 288
15 293
16 27
16 41
16 54
16 62
16 66
16 69
16 80
16 112
16 123
16 124
16 180
16 182
16 197
16 205
16 210
16 214
16 229
16 239
16 263
16 266
16 277
16 282
17 42
17 70
17 72
17 90
17 128
17 130
17 140
17 148
17 150
17 229
17 238
17 244
17 256
17 261
17 290
18 32
18 40
18 66
18 70
18 79
18 90
18 105
18 110
18 135
18 146
18 201
18 203
18 210
18 213
18 291
19 28
19 39
19 40
19 72
19 79
19 87
19 95
19 98
19 128
19 160
19 162
19 176
19 215
19 280
19 295
20 46
20 105
20 106
20 172
20 199
20 203
20 216
20 219
20 222
20 234
20 298
21 31
21 53
21 54
21 76
21 124
21 151
21 185
21 204
21 238
21 256
21 260
22 25
22 28
22 35
22 50
22 79
22 83
22 126
22 127
22 131
22 137
22 169
22 220
22 226
22 265
22 295
23 41
23 45
23 87
23 89
23 139
23 178
23 191
23 193
23 213
23 225
23 249
23 252
23 274
24 25
24 27
24 36
24 44
24 94
24 110
24 161
24 167
24 168
24 175
24 193
24 205
24 210
24 219
24 266
24 281
24 290
25 42
25 66
25 69
25 70
25 85
25 89
25 103
25 127
25 154
25 157
25 183
25 184
25 193
25 200
25 207
25 215
25 247
25 260
25 297
26 29
26 33
26 38
26 107
26 141
26 177
26 190
26 205
26 207
26 210
26 229
26 242
26 255
26 264
26 270
26 283
26 284
26 288
26 298
27 129
27 142
27 157
27 211
27 224
27 225
27 231
27 246
27 258
27 260
28 45
28 95
28 118
28 123
28 134
28 145
28 155
28 191
28 196
28 225
28 240
29 47
29 53
29 59
29 78
29 113
29 159
29 215
29 225
29 233
29 250
29 253
29 261
29 290
30 35
30 56
30 112
30 129
30 140
30 157
30 191
30 234
30 244
30 271
30 288
31 36
31 47
31 107
31 115
31 116
31 124
31 128
31 141
31 166
31 208
31 221
31 222
31 228
31 237
31 241
31 252
31 266
31 271
32 48
32 73
32 85
32 264
33 56
33 106
33 124
33 156
33 158
33 199
33 231
33 254
33 263
33 268
33 275
33 280
33 294
33 300
34 64
34 80
34 147
34 151
34 154
34 168
34 169
34 174
34 190
34 212
34 213
34 218
34 229
34 247
34 272
34 297
35 41
35 47
35 91
35 93
35 106
35 108
35 165
35 175
35 184
35 195
35 211
35 243
35 260
35 277
35 280
35 288
36 42
36 45
36 50
36 66
36 87
36 116
36 134
36 150
36 180
36 258
36 266
37 43
37 138
37 160
37 172
37 197
37 217
37 235
37 243
37 248
37 251
37 256
38 70
38 80
38 100
38 108
38 134
38 135
38 173
38 211
38 216
38 251
38 256
38 273
38 300
39 45
39 81
39 126
39 137
39 150
39 163
39 220
39 228
39 259
39 296
40 60
40 79
40 86
40 112
40 121
40 137
40 170
40 186
40 207
40 232
40 251
40 261
40 269
40 291
40 294
40 296
41 50
41 75
41 76
41 85
41 90
41 104
41 190
41 223
41 225
41 234
42 51
42 109
42 157
42 164
42 178
42 192
42 199
42 226
42 233
42 238
42 250
42 252
43 65
43 76
43 91
43 96
43 125
43 135
43 152
43 154
43 186
43 220
43 222
43 243
43 245
44 50
44 51
44 71
44 103
44 107
44 115
44 127
44 128
44 155
44 163
44 235
44 241
44 250
44 282
44 299
45 59
45 72
45 88
45 91
45 106
45 137
45 138
45 158
45 164
45 168
45 218
45 242
45 266
46 48
46 82
46 118
46 158
46 185
46 218
46 220
46 244
46 291
46 295
47 49
47 96
47 99
47 116
47 154
47 178
47 189
47 219
47 239
47 274
48 50
48 51
48 90
48 92
48 133
48 178
48 179
48 207
48 216
48 223
48 239
48 284
48 297
49 55
49 63
49 64
49 83
49 92
49 99
49 108
49 109
49 122
49 123
49 141
49 164
49 166
49 208
49 210
49 238
49 271
49 277
50 57
50 66
50 76
50 100
50 192
50 210
50 228
50 237
50 253
50 299
51 60
51 72
51 76
51 96
51 124
51 127
51 141
51 142
51 144
51 156
51 183
51 194
51 245
51 274
51 291
52 70
52 83
52 93
52 109
52 110
52 121
52 133
52 151
52 173
52 190
52 209
53 77
53 97
53 113
53 125
53 138
53 141
53 212
53 214
53 233
53 265
53 273
54 101
54 105
54 109
54 157
54 176
54 179
54 187
54 228
54 236
54 248
54 249
54 279
54 285
54 295
54 299
55 81
55 96
55 132
55 152
55 177
55 197
55 207
55 208
55 242
55 244
55 249
55 262
55 267
55 268
55 282
56 60
56 91
56 99
56 107
56 131
56 146
56 195
56 199
56 204
56 206
56 214
56 215
56 233
56 289
57 81
57 96
57 117
57 119
57 141
57 189
57 206
57 263
58 62
58 72
58 78
58 89
58 95
58 231
58 234
58 263
58 282
59 61
59 80
59 85
59 94
59 96
59 115
59 123
59 130
59 140
59 147
59 238
59 262
60 62
60 79
60 139
60 183
60 187
60 192
60 195
60 196
60 210
60 236
60 246
60 255
60 274
60 275
61 67
61 73
61 82
61 84
61 85
61 103
61 124
61 156
61 168
61 169
61 182
61 207
61 225
61 236
61 251
61 260
61 279
62 86
62 87
62 92
62 120
62 121
62 181
62 187
62 190
62 212
62 225
62 275
62 291
63 74
63 102
63 109
63 123
63 151
63 176
63 189
63 196
63 241
63 257
63 261
63 266
64 80
64 84
64 113
64 150
64 171
64 205
64 223
64 224
64 253
64 283
64 287
65 76
65 137
65 178
65 195
65 210
65 239
65 259
65 283
65 284
65 299
66 112
66 148
66 208
66 210
66 252
66 255
66 265
67 86
67 114
67 138
67 188
67 211
67 218
67 245
67 282
67 286
67 291
67 295
67 300
68 112
68 134
68 138
68 174
68 182
68 208
68 221
68 229
68 250
68 274
68 275
68 300
69 95
69 127
69 143
69 172
69 203
69 212
69 226
69 230
69 254
69 258
69 269
69 280
69 291
70 84
70 98
70 124
70 167
70 193
70 225
70 256
70 272
70 277
71 156
71 164
71 179
71 189
71 222
71 239
71 281
72 101
72 117
72 125
72 162
72 163
72 168
72 199
72 208
72 216
72 242
72 247
72 284
73 75
73 111
73 178
73 181
73 182
73 207
73 221
73 228
73 246
73 272
73 296
74 90
74 94
74 113
74 117
74 182
74 244
74 250
74 262
74 297
75 102
75 108
75 163
75 173
75 179
75 186
75 208
75 210
75 227
75 257
75 283
76 109
76 116
76 161
76 177
76 263
76 267
77 111
77 117
77 137
77 143
77 192
77 269
77 286
77 294
78 79
78 99
78 113
78 115
78 122
78 152
78 198
78 202
78 215
78 239
78 256
78 269
79 126
79 144
79 160
79 191
79 200
79 207
79 254
79 298
80 89
80 106
80 129
80 135
80 140
80 149
80 156
80 170
80 204
80 217
80 223
80 234
80 244
80 246
80 271
81 95
81 99
81 124
81 141
81 146
81 219
81 222
81 267
81 286
81 295
82 110
82 124
82 148
82 168
82 195
82 210
82 251
82 262
82 291
83 88
83 112
83 127
83 131
83 133
83 185
83 245
83 279
83 282
83 285
83 295
83 299
84 92
84 93
84 106
84 137
84 140
84 147
84 167
84 186
84 189
84 234
84 240
84 241
84 270
84 286
85 91
85 138
85 140
85 200
85 211
85 250
85 273
85 280
85 284
85 295
86 141
86 143
86 155
86 170
86 190
86 208
86 236
86 268
87 89
87 140
87 144
87 173
87 174
87 178
87 217
87 247
87 250
87 272
87 284
88 121
88 154
88 172
88 181
88 184
88 191
88 207
88 244
88 248
88 255
88 267
88 276
88 288
89 113
89 137
89 142
89 165
89 166
89 167
89 190
89 195
89 242
89 265
89 298
90 103
90 136
90 137
90 138
90 180
90 190
90 215
90 240
90 252
90 253
90 272
90 300
91 127
91 142
91 161
91 168
91 173
91 180
91 224
91 256
91 267
91 275
91 277
91 294
92 98
92 113
92 146
92 152
92 157
92 171
92 196
92 201
92 205
92 215
92 219
92 242
92 246
92 264
92 276
92 280
92 284
92 286
93 108
93 123
93 129
93 152
93 156
93 226
93 289
94 168
94 171
94 215
94 249
94 256
94 281
94 289
95 116
95 140
95 168
95 171
95 196
95 199
95 207
95 216
95 217
95 222
95 228
95 258
95 275
95 281
95 282
96 97
96 104
96 111
96 138
96 165
96 169
96 176
96 194
96 206
96 224
96 240
96 245
96 269
96 280
96 281
96 291
96 296
97 101
97 102
97 110
97 248
97 265
98 152
98 160
98 161
98 185
98 238
99 120
99 131
99 155
99 160
99 190
99 197
99 224
99 229
99 267
100 102
100 108
100 128
100 173
100 194
100 200
100 211
100 216
100 258
100 262
100 295
101 137
101 159
101 172
101 173
101 174
101 201
101 203
101 252
101 292
102 144
102 187
102 237
102 241
103 149
103 205
103 294
104 127
104 150
104 224
104 232
104 234
104 244
104 256
104 258
104 263
104 269
104 274
104 296
104 299
105 134
105 138
105 165
105 215
105 244
105 252
105 258
105 260
105 277
105 296
106 136
106 147
106 186
106 191
106 192
106 232
106 242
106 272
107 126
107 148
107 151
107 164
107 168
107 208
107 246
107 262
107 263
107 265
108 123
108 124
108 172
108 180
108 200
108 217
108 233
108 278
108 283
108 287
108 291
108 300
109 113
109 136
109 158
109 191
109 208
109 212
109 222
109 233
109 250
109 259
109 262
109 274
109 279
109 280
109 298
110 120
110 137
110 148
110 161
110 189
110 256
110 257
110 270
111 118
111 125
111 131
111 240
111 292
112 117
112 134
112 168
112 173
112 184
112 214
112 285
112 289
112 297
113 124
113 158
113 176
113 178
113 181
113 204
113 220
113 225
113 238
113 254
113 274
114 197
114 199
114 211
114 260
114 270
114 294
115 169
115 189
115 193
115 226
115 238
115 250
115 256
116 140
116 156
116 170
116 209
116 210
116 213
116 224
116 239
116 264
116 268
116 269
116 273
117 124
117 153
117 163
117 194
117 226
117 272
118 236
118 286
118 289
119 122
119 148
119 166
119 188
119 199
119 204
119 213
119 236
119 292
120 127
120 186
120 235
120 246
120 250
120 254
121 139
121 187
121 199
121 211
121 240
121 267
121 276
122 163
122 164
122 167
122 170
122 183
122 190
122 198
122 236
122 297
123 126
123 131
123 133
123 145
123 199
123 225
123 262
124 132
124 155
124 167
124 194
124 202
124 221
124 247
124 260
124 263
124 283
124 287
125 140
125 160
125 225
125 248
125 259
125 285
125 288
126 131
126 132
126 148
126 160
126 181
126 183
126 193
126 215
126 219
126 220
126 234
126 270
126 291
127 144
127 149
127 157
127 164
127 168
127 217
127 260
127 264
127 268
127 270
127 284
128 140
128 162
128 178
128 208
128 260
128 277
129 146
129 157
129 175
129 181
129 195
129 214
129 232
129 246
129 247
130 140
130 159
130 173
130 175
130 184
130 187
130 212
130 238
130 247
130 264
131 137
131 182
131 226
131 263
131 274
131 278
131 279
132 153
132 196
132 210
132 225
132 227
132 242
132 255
132 258
133 160
133 166
133 176
133 189
133 204
133 215
133 248
133 249
133 256
133 258
133 276
133 298
134 145
134 154
134 174
134 194
134 205
134 226
134 244
134 267
135 136
135 148
135 149
135 179
135 189
135 193
135 229
135 241
135 251
135 262
135 264
135 281
136 152
136 168
136 187
136 206
136 220
136 237
136 288
137 158
137 212
137 262
137 264
137 274
138 154
138 163
138 185
138 255
138 262
139 148
139 162
139 215
139 223
139 234
139 235
139 242
139 248
139 281
139 286
140 149
140 208
140 219
140 272
140 277
140 287
140 290
140 298
141 145
141 191
141 192
141 196
141 225
141 227
141 295
142 145
142 147
142 178
142 181
142 184
142 187
142 200
142 211
142 218
142 239
142 250
142 258
142 259
142 269
143 163
143 182
143 242
143 252
143 260
143 263
144 222
144 233
144 235
144 249
144 257
145 219
145 221
145 227
145 246
145 283
146 160
146 181
146 206
146 217
146 232
146 238
146 246
146 253
146 257
146 258
146 283
147 150
147 169
147 174
147 204
147 214
147 230
147 232
147 271
147 287
147 296
148 162
148 262
148 275
148 281
148 291
148 297
148 299
149 181
149 188
149 202
149 221
149 222
149 234
149 235
149 288
150 171
150 212
150 225
150 245
150 283
150 295
151 179
151 240
151 270
151 272
151 275
152 180
152 184
152 195
152 207
152 223
152 224
152 231
152 247
152 248
152 258
152 266
152 270
152 276
152 287
153 188
153 198
153 203
154 160
154 192
154 240
154 244
154 249
154 270
155 157
155 244
155 251
155 266
155 281
155 285
156 161
156 184
156 214
156 232
156 284
157 263
157 270
157 286
158 168
158 173
158 197
158 207
158 209
158 224
158 278
158 299
159 173
159 176
159 180
159 187
159 197
159 199
159 214
159 235
159 249
159 254
159 269
159 288
160 175
160 182
160 205
160 241
160 260
160 296
160 298
161 169
161 171
161 174
161 175
161 225
161 227
161 245
161 247
161 273
162 172
162 196
162 260
162 296
163 191
163 197
163 225
163 236
164 201
164 211
164 227
164 235
165 166
165 203
165 207
165 235
165 262
165 275
165 277
165 296
166 168
166 170
166 182
166 211
166 224
166 231
166 248
166 294
167 206
167 210
167 212
167 251
167 262
167 265
167 273
168 241
169 248
169 252
169 282
169 293
169 298
170 178
170 181
170 242
170 246
170 289
170 290
170 293
171 187
171 205
171 225
171 264
171 287
172 221
172 228
172 265
172 287
172 299
173 208
173 261
173 285
174 217
174 221
174 249
174 278
174 279
175 229
175 234
175 262
175 268
175 273
176 181
176 186
176 191
176 222
176 237
176 247
177 195
177 228
177 261
177 273
177 283
178 183
178 204
178 215
178 260
178 275
178 297
179 182
179 188
179 189
179 225
179 234
179 235
179 243
179 251
179 266
179 273
179 293
180 205
180 212
180 246
180 255
180 281
180 296
180 298
181 189
181 226
181 240
181 241
181 251
181 273
181 276
181 277
181 290
182 248
182 257
182 260
182 275
182 279
183 199
183 275
183 283
183 296
183 299
184 217
184 255
184 264
184 288
184 293
185 186
185 190
185 211
185 214
185 238
185 254
185 263
185 267
186 221
186 229
186 263
186 293
187 232
187 236
187 268
187 281
188 196
188 197
188 212
188 229
188 245
188 259
188 263
188 284
189 199
189 204
189 234
189 235
189 244
190 247
190 273
190 285
190 290
190 291
191 231
191 260
191 264
191 278
191 289
192 196
192 211
192 212
192 227
192 228
192 255
192 281
192 282
193 213
193 216
193 248
193 261
193 293
193 299
194 211
194 233
195 212
195 229
195 244
195 268
196 243
196 250
196 272
197 207
197 230
197 287
198 230
198 231
198 232
198 241
198 245
198 291
198 296
199 234
199 246
199 255
199 263
199 276
199 286
199 289
199 294
200 225
200 233
200 268
200 289
201 232
201 265
201 268
201 280
202 225
202 282
202 297
202 300
203 242
203 252
203 258
204 226
204 230
204 237
204 252
204 264
204 274
205 212
205 274
206 208
206 283
206 293
207 213
207 237
207 253
207 255
207 266
208 212
208 214
208 215
208 218
208 227
208 237
208 238
209 232
209 250
209 262
209 270
209 296
210 211
210 225
210 227
210 232
210 233
210 237
210 261
210 271
210 274
211 217
211 227
211 248
211 273
211 275
211 293
211 295
211 299
212 237
212 238
212 294
213 216
213 224
213 237
213 243
213 254
213 270
213 271
213 288
213 289
213 300
214 217
214 231
214 234
214 246
214 253
214 265
214 268
214 275
214 286
214 289
215 217
215 249
215 251
215 262
215 263
215 296
216 220
216 269
216 287
217 230
217 253
217 259
218 244
218 246
218 253
218 260
219 228
219 234
219 254
219 269
220 242
220 247
220 281
220 295
220 298
221 243
221 252
221 260
221 275
221 283
222 224
222 275
223 233
223 283
223 287
223 290
224 256
224 262
224 264
225 239
225 286
225 290
225 294
226 296
227 269
227 276
227 282
228 233
228 235
228 242
228 272
228 280
229 246
229 261
229 286
230 234
230 239
230 248
230 267
230 280
230 287
231 250
231 251
231 273
232 248
232 250
232 265
232 277
232 290
233 299
234 251
234 254
234 258
234 270
234 279
235 242
235 258
235 259
236 237
237 255
237 257
237 275
237 284
238 271
239 249
239 250
239 258
239 259
239 273
241 242
241 250
241 274
241 280
242 269
242 277
242 282
242 287
242 295
242 299
243 282
245 259
245 275
246 247
246 280
246 284
247 263
247 286
248 273
248 282
249 256
249 265
249 276
250 259
251 287
252 255
252 276
252 288
253 254
253 287
253 297
254 273
254 279
254 282
255 264
255 266
255 268
255 292
256 269
256 272
256 277
256 287
256 291
256 293
256 297
257 287
258 283
259 261
259 280
259 288
260 266
260 277
262 264
262 266
263 276
263 291
263 292
264 268
264 291
264 292
268 271
268 279
269 272
270 289
270 296
271 275
271 289
272 287
272 289
273 283
273 284
273 297
274 291
274 292
276 293
276 300
277 280
277 283
277 288
277 292
279 283
280 287
280 288
280 289
281 291
281 298
285 288
286 287
287 295
287 297
288 293
