400 3205
1 26
1 73
1 74
1 100
1 106
1 156
1 292
1 300
1 308
1 322
1 326
1 364
1 383
2 17
2 24
2 31
2 88
2 134
2 175
2 180
2 188
2 263
2 284
2 305
2 325
2 375
3 4
3 42
3 61
3 92
3 173
3 246
3 248
3 304
3 385
3 386
3 388
3 395
4 10
4 12
4 45
4 76
4 77
4 79
4 106
4 110
4 152
4 163
4 210
4 224
4 236
4 266
4 282
4 306
4 315
4 358
4 366
4 373
5 16
5 94
5 124
5 177
5 225
5 236
5 237
5 311
5 348
5 380
5 386
5 392
6 49
6 81
6 92
6 93
6 99
6 120
6 167
6 178
6 204
6 252
6 304
6 321
7 13
7 49
7 110
7 210
7 263
7 265
7 269
7 304
7 305
7 308
7 319
7 330
7 332
7 379
7 392
7 400
8 31
8 33
8 40
8 76
8 128
8 167
8 177
8 182
8 272
8 302
8 352
8 375
9 14
9 46
9 69
9 78
9 132
9 141
9 190
9 205
9 236
9 241
9 288
9 297
9 303
9 313
9 345
9 352
10 48
10 96
10 111
10 117
10 170
10 178
10 218
10 226
10 271
11 20
11 27
11 72
11 85
11 94
11 96
11 100
11 105
11 171
11 230
11 233
11 261
11 287
11 300
11 305
11 309
11 355
11 370
12 14
12 37
12 38
12 46
12 51
12 83
12 96
12 104
12 108
12 111
12 122
12 154
12 165
12 166
12 222
12 239
12 247
12 252
12 256
12 271
12 281
12 305
12 324
12 367
12 395
12 397
13 28
13 66
13 68
13 78
13 86
13 88
13 167
13 176
13 182
13 194
13 199
13 228
13 260
13 286
13 290
13 310
13 330
13 355
13 366
14 35
14 37
14 44
14 47
14 143
14 155
14 187
14 194
14 202
14 213
14 275
14 277
14 291
14 330
14 395
15 56
15 115
15 116
15 182
15 209
15 213
15 229
15 244
15 308
15 342
15 343
15 365
16 29
16 56
16 90
16 109
16 143
16 161
16 165
16 208
16 211
16 233
16 266
16 309
16 310
16 320
16 352
17 26
17 65
17 95
17 118
17 122
17 164
17 166
17 216
17 255
17 290
17 302
17 329
17 378
17 389
17 397
18 65
18 132
18 138
18 139
18 146
18 164
18 176
18 181
18 190
18 237
18 261
18 312
18 315
18 331
18 335
18 349
18 373
18 400
19 22
19 48
19 49
19 58
19 65
19 112
19 125
19 162
19 168
19 172
19 177
19 246
19 280
19 316
19 329
19 344
19 346
19 349
19 381
19 394
20 23
20 29
20 42
20 43
20 47
20 161
20 189
20 263
20 278
20 290
20 292
20 349
21 43
21 48
21 70
21 80
21 116
21 121
21 150
21 243
21 249
21 274
21 309
21 355
22 33
22 43
22 51
22 68
22 71
22 79
22 108
22 123
22 144
22 200
22 245
22 279
22 322
22 332
22 359
22 376
22 393
23 95
23 96
23 104
23 108
23 121
23 146
23 188
23 201
23 202
23 217
23 221
23 232
23 246
23 321
23 333
24 136
24 195
24 245
24 263
24 295
24 297
24 338
24 370
24 393
25 44
25 64
25 94
25 110
25 177
25 184
25 198
25 204
25 243
25 248
25 259
25 277
25 302
25 336
25 342
25 386
26 27
26 86
26 96
26 105
26 164
26 181
26 198
26 201
26 209
26 227
26 230
26 251
26 272
26 301
26 319
26 365
27 70
27 78
27 118
27 213
27 235
27 247
27 272
27 292
27 310
27 318
27 323
27 326
27 331
28 35
28 45
28 65
28 73
28 99
28 100
28 138
28 176
28 181
28 216
28 221
28 271
28 307
28 352
28 363
28 376
28 389
29 75
29 83
29 114
29 151
29 175
29 194
29 227
29 236
29 252
29 285
29 322
29 347
29 366
29 376
29 384
30 36
30 39
30 41
30 54
30 79
30 80
30 89
30 194
30 227
30 229
30 238
30 313
30 371
31 50
31 57
31 71
31 85
31 92
31 119
31 126
31 131
31 143
31 215
31 226
31 241
31 275
31 285
31 336
31 370
31 372
31 393
32 89
32 109
32 153
32 193
32 201
32 273
32 320
32 337
32 365
32 381
32 384
32 399
33 63
33 64
33 84
33 90
33 144
33 168
33 192
33 262
33 298
33 338
33 400
34 58
34 105
34 116
34 163
34 166
34 183
34 221
34 245
34 256
34 286
34 341
35 46
35 87
35 132
35 133
35 161
35 170
35 177
35 193
35 238
35 260
35 268
35 269
35 288
35 297
35 304
35 314
35 327
35 328
35 346
35 369
36 49
36 51
36 112
36 118
36 148
36 157
36 167
36 191
36 319
36 328
36 344
36 390
37 49
37 53
37 73
37 101
37 104
37 118
37 119
37 121
37 133
37 160
37 171
37 251
37 268
37 295
37 308
37 318
37 334
37 346
37 358
37 376
37 398
38 53
38 72
38 187
38 207
38 223
38 235
38 251
38 322
38 343
38 375
38 383
39 96
39 100
39 104
39 152
39 174
39 182
39 223
39 243
39 244
39 274
39 280
39 290
39 336
39 372
40 77
40 88
40 122
40 124
40 129
40 142
40 147
40 148
40 162
40 215
40 223
40 231
40 255
40 270
40 319
40 323
40 328
40 330
40 338
40 339
40 357
41 54
41 104
41 125
41 127
41 149
41 197
41 271
41 312
41 322
41 328
41 339
41 345
42 126
42 174
42 194
42 213
42 218
42 227
42 248
42 263
42 273
42 280
42 371
43 78
43 95
43 155
43 199
43 203
43 208
43 211
43 212
43 226
43 252
43 262
43 271
43 290
43 322
43 328
43 337
43 339
43 340
43 358
43 379
44 55
44 67
44 68
44 81
44 106
44 124
44 135
44 159
44 178
44 223
44 224
44 229
44 257
44 258
44 324
44 327
44 349
45 73
45 93
45 121
45 128
45 142
45 170
45 195
45 208
45 215
45 260
45 276
45 280
45 285
45 368
46 51
46 106
46 124
46 125
46 184
46 188
46 212
46 273
46 314
46 331
46 346
46 375
47 66
47 67
47 82
47 129
47 165
47 225
47 227
47 269
47 364
47 388
48 109
48 116
48 180
48 189
48 193
48 198
48 242
48 264
48 304
48 312
48 338
48 359
48 380
49 53
49 54
49 105
49 137
49 153
49 182
49 213
49 222
49 236
49 240
49 264
49 279
49 290
49 324
49 338
49 364
50 83
50 146
50 162
50 275
50 283
50 298
50 341
50 358
50 400
51 115
51 123
51 160
51 197
51 206
51 240
51 245
51 282
51 300
51 336
52 55
52 59
52 84
52 98
52 105
52 123
52 149
52 173
52 193
52 197
52 216
52 220
52 285
52 347
52 353
52 400
53 83
53 89
53 144
53 154
53 167
53 191
53 208
53 264
54 126
54 193
54 219
54 225
54 274
54 351
54 368
54 376
54 383
55 72
55 74
55 81
55 111
55 161
55 174
55 198
55 215
55 228
55 306
55 324
55 340
55 371
55 380
55 387
56 90
56 134
56 162
56 185
56 191
56 212
56 279
56 290
56 300
56 302
56 327
56 374
56 399
57 73
57 78
57 151
57 154
57 199
57 218
57 227
57 260
57 274
57 298
57 318
57 345
57 360
58 99
58 113
58 137
58 152
58 156
58 158
58 210
58 270
58 304
58 307
58 310
58 320
58 324
58 333
58 334
58 347
58 378
58 381
58 388
59 67
59 86
59 89
59 134
59 140
59 141
59 170
59 186
59 206
59 253
59 255
59 315
59 365
59 388
59 399
60 130
60 132
60 144
60 159
60 179
60 257
60 291
60 342
60 346
60 375
60 380
61 80
61 110
61 113
61 135
61 196
61 229
61 247
61 256
61 259
61 266
61 282
61 323
61 330
61 351
61 363
61 399
62 85
62 90
62 113
62 114
62 115
62 138
62 143
62 190
62 213
62 246
62 261
62 294
62 296
62 338
62 348
62 398
63 73
63 74
63 93
63 121
63 157
63 191
63 198
63 203
63 210
63 286
63 297
63 305
63 307
63 324
63 336
63 351
63 384
63 390
63 395
64 73
64 98
64 103
64 107
64 117
64 148
64 166
64 178
64 186
64 217
64 232
64 238
64 261
64 265
64 335
64 398
65 148
65 151
65 195
65 229
65 236
65 261
65 269
65 353
65 356
65 384
65 392
66 68
66 79
66 109
66 126
66 152
66 159
66 166
66 193
66 220
66 224
66 231
66 249
66 261
66 279
66 295
66 300
66 324
66 335
66 336
66 346
66 351
66 359
66 360
66 368
67 173
67 190
67 279
67 288
67 312
67 365
68 127
68 151
68 156
68 186
68 193
68 220
68 225
68 298
68 304
68 324
68 369
68 390
68 396
69 76
69 123
69 127
69 160
69 201
69 223
69 236
69 237
69 238
69 265
69 267
69 356
70 76
70 119
70 169
70 173
70 278
70 334
71 94
71 123
71 146
71 220
71 228
71 230
71 240
71 254
71 259
71 270
71 292
71 295
71 329
71 356
72 78
72 115
72 121
72 123
72 140
72 159
72 193
72 204
72 243
72 248
72 249
72 289
72 299
72 329
72 376
73 74
73 87
73 91
73 131
73 169
73 186
73 188
73 238
73 239
73 295
73 332
73 348
73 393
73 398
74 76
74 80
74 89
74 116
74 138
74 192
74 202
74 213
74 230
74 239
74 254
74 290
74 307
74 318
74 331
75 101
75 102
75 115
75 152
75 159
75 165
75 274
75 326
75 339
75 356
75 390
75 395
76 82
76 112
76 183
76 187
76 195
76 209
76 261
76 263
76 266
76 289
76 305
76 323
76 339
76 359
77 159
77 218
77 242
77 302
77 322
77 326
77 359
77 371
77 383
78 135
78 151
78 165
78 208
78 219
78 234
78 259
78 263
78 264
78 268
78 302
78 341
78 372
79 83
79 129
79 325
79 328
79 342
79 368
79 386
80 88
80 99
80 113
80 207
80 266
80 330
80 334
80 398
81 127
81 151
81 216
81 281
81 282
81 285
81 288
81 301
81 308
81 316
81 354
82 97
82 103
82 108
82 122
82 176
82 202
82 239
82 285
82 320
82 347
82 374
83 119
83 123
83 151
83 236
83 259
83 316
83 317
83 345
83 366
83 368
83 378
84 88
84 89
84 103
84 139
84 160
84 186
84 191
84 206
84 210
84 259
84 302
84 306
84 326
84 354
84 376
85 107
85 159
85 176
85 227
85 251
85 265
85 284
85 302
85 316
85 317
85 380
85 399
86 99
86 101
86 110
86 138
86 164
86 173
86 190
86 232
86 277
86 321
86 374
87 103
87 146
87 175
87 177
87 192
87 205
87 208
87 283
87 293
87 306
87 321
87 332
87 365
87 366
87 373
87 393
88 103
88 116
88 125
88 145
88 165
88 176
88 197
88 215
88 238
88 272
88 284
88 315
88 325
88 329
88 365
88 387
88 400
89 106
89 141
89 157
89 195
89 209
89 277
89 310
89 364
90 104
90 106
90 116
90 158
90 167
90 189
90 313
90 327
90 380
90 400
91 98
91 104
91 142
91 165
91 224
91 235
91 288
91 303
91 306
91 320
91 371
91 400
92 94
92 162
92 170
92 172
92 209
92 212
92 225
92 236
92 243
92 264
92 275
92 283
92 284
92 294
92 345
92 364
93 117
93 127
93 135
93 138
93 253
93 264
93 266
93 280
93 288
94 99
94 107
94 126
94 163
94 194
94 215
94 240
94 251
94 266
94 272
94 280
94 287
94 291
94 292
94 317
94 361
94 391
95 96
95 112
95 114
95 153
95 169
95 178
95 196
95 296
95 309
95 315
95 325
95 331
95 333
95 366
95 373
95 387
96 102
96 115
96 116
96 169
96 202
96 243
96 256
96 276
96 326
96 359
97 117
97 147
97 149
97 205
97 209
97 220
97 232
97 248
97 249
97 256
97 272
97 273
97 291
97 295
97 312
97 360
97 375
98 176
98 208
98 256
98 260
98 265
98 286
98 318
99 104
99 126
99 145
99 165
99 188
99 236
99 288
100 110
100 133
100 162
100 196
100 198
100 213
100 267
100 303
100 306
100 310
100 317
100 327
100 329
100 344
100 365
100 379
100 384
100 399
101 119
101 146
101 153
101 176
101 212
101 231
101 269
101 279
101 281
101 284
101 285
101 337
101 355
101 357
101 383
102 122
102 146
102 210
102 278
102 284
102 323
103 127
103 137
103 161
103 264
103 268
103 296
103 323
103 336
103 338
103 357
103 377
104 130
104 147
104 238
104 242
104 244
104 305
105 110
105 248
105 252
105 282
105 308
105 311
105 372
105 376
106 125
106 126
106 129
106 152
106 170
106 190
106 229
106 252
106 314
106 321
106 358
106 380
106 392
107 135
107 188
107 212
107 270
107 274
107 302
107 331
107 332
108 115
108 120
108 154
108 159
108 191
108 196
108 201
108 232
108 257
108 328
108 361
109 115
109 125
109 147
109 179
109 224
109 239
109 261
109 267
109 273
109 274
109 310
109 319
109 320
109 336
109 358
109 378
110 120
110 127
110 161
110 211
110 213
110 223
110 260
110 274
110 275
110 307
110 311
110 324
110 400
111 120
111 123
111 138
111 142
111 255
111 263
111 276
111 279
111 313
111 351
111 360
111 389
111 397
112 113
112 161
112 177
112 186
112 190
112 266
112 300
112 382
113 131
113 144
113 171
113 187
113 204
113 220
113 234
113 238
113 259
113 285
113 290
113 320
113 321
113 330
114 195
114 250
114 279
114 283
114 308
114 323
114 338
114 354
114 355
114 382
115 124
115 162
115 165
115 197
115 210
115 248
115 372
115 389
116 120
116 144
116 223
116 252
116 313
116 370
117 132
117 133
117 134
117 143
117 147
117 198
117 249
117 258
117 266
117 279
117 289
117 292
117 328
117 336
117 371
117 392
118 152
118 185
118 188
118 200
118 243
118 318
118 357
118 367
118 373
119 167
119 182
119 194
119 299
119 327
120 122
120 132
120 185
120 187
120 198
120 239
120 242
120 251
120 261
120 262
120 347
120 365
120 377
120 385
121 132
121 137
121 153
121 158
121 159
121 163
121 187
121 197
121 200
121 232
121 242
121 288
121 290
121 308
121 310
121 314
121 397
122 128
122 136
122 149
122 155
122 182
122 183
122 200
122 201
122 212
122 215
122 229
122 232
122 244
122 251
122 263
122 266
122 273
122 284
122 300
122 345
122 346
122 379
123 159
123 177
123 203
123 226
123 232
123 299
123 301
123 315
123 364
123 370
123 390
124 182
124 187
124 221
124 238
124 262
124 271
124 279
124 294
124 302
124 321
125 132
125 182
125 186
125 189
125 231
125 239
125 344
126 146
126 192
126 199
126 230
126 237
126 267
126 275
126 312
126 352
126 370
126 375
126 384
127 143
127 150
127 182
127 183
127 205
127 248
127 265
127 277
127 366
127 384
127 387
128 131
128 140
128 168
128 184
128 185
128 227
128 308
128 328
128 386
129 154
129 155
129 163
129 266
129 274
129 298
129 304
129 359
129 364
129 369
129 377
129 381
130 151
130 239
130 281
130 314
130 318
130 350
130 373
131 143
131 152
131 177
131 197
131 230
131 307
131 344
131 369
132 134
132 144
132 202
132 204
132 206
132 251
132 254
132 273
132 275
132 279
132 312
132 350
132 369
132 388
132 396
133 147
133 158
133 222
133 271
133 286
133 287
133 299
133 323
134 170
134 178
134 202
134 249
134 256
134 264
134 306
134 327
134 328
134 361
134 362
135 147
135 157
135 160
135 165
135 169
135 203
135 227
135 228
135 229
135 250
135 257
135 313
135 326
135 347
135 357
136 233
136 252
136 275
136 279
136 305
136 308
136 366
136 386
137 182
137 223
137 233
137 363
138 144
138 149
138 160
138 172
138 225
138 254
138 291
138 292
138 358
138 381
139 143
139 159
139 165
139 168
139 176
139 179
139 192
139 250
139 291
139 298
139 332
139 337
139 352
139 366
139 385
139 396
140 274
140 278
140 342
140 372
141 151
141 196
141 236
141 245
141 246
141 263
141 282
141 306
141 319
141 328
141 380
142 182
142 204
142 205
142 249
142 259
142 290
142 302
142 324
142 333
142 356
143 147
143 169
143 171
143 172
143 179
143 271
143 304
143 332
143 340
143 353
143 382
143 395
144 156
144 161
144 187
144 202
144 205
144 216
144 256
144 277
144 286
144 400
145 156
145 165
145 178
145 186
145 212
145 251
145 288
145 340
145 351
145 354
145 395
145 397
146 170
146 200
146 233
146 294
146 307
146 385
147 176
147 179
147 181
147 220
147 225
147 230
147 238
147 256
147 272
147 301
147 306
147 312
147 316
147 320
148 177
148 187
148 200
148 202
148 203
148 242
148 255
148 260
148 263
148 266
148 299
148 311
148 329
149 204
149 206
149 226
149 236
149 250
149 278
149 318
149 332
150 152
150 164
150 165
150 172
150 177
150 203
150 204
150 221
150 256
150 270
150 283
150 300
150 309
150 330
150 345
150 362
151 158
151 175
151 176
151 220
151 232
151 272
151 284
151 331
151 334
151 359
152 171
152 210
152 230
152 245
152 280
152 301
152 356
152 370
152 380
152 395
153 157
153 191
153 196
153 208
153 236
153 295
153 364
154 157
154 161
154 163
154 174
154 180
154 181
154 203
154 236
154 247
154 287
154 299
154 308
154 314
154 341
154 352
154 370
155 169
155 172
155 181
155 212
155 223
155 237
155 248
155 283
155 309
155 316
155 357
155 358
155 373
156 166
156 222
156 260
156 262
156 267
156 292
156 300
156 301
156 303
156 339
156 347
156 366
157 188
157 192
157 234
157 243
157 244
157 249
157 275
157 277
157 298
157 312
157 353
157 354
157 356
157 370
157 371
157 378
157 384
158 198
158 214
158 217
158 225
158 234
158 258
158 259
158 277
158 285
158 328
158 364
158 375
158 384
159 234
159 295
159 341
160 163
160 186
160 236
160 243
160 262
160 290
160 292
160 299
160 302
160 343
160 347
160 373
161 174
161 195
161 201
161 252
161 269
161 341
161 369
162 209
162 211
162 239
162 258
162 259
162 276
162 295
162 311
162 362
162 387
163 164
163 202
163 255
163 300
163 311
163 398
164 223
164 226
164 235
164 283
164 288
164 303
164 326
164 342
164 356
164 385
164 387
164 396
164 398
165 170
165 171
165 193
165 245
165 285
165 292
165 325
165 326
165 329
165 338
165 366
165 371
166 180
166 230
166 247
166 248
166 256
166 274
166 296
166 297
166 319
166 363
167 196
167 257
167 285
167 306
167 316
167 323
167 348
167 351
167 360
167 365
167 372
167 374
167 378
167 382
168 172
168 216
168 245
168 248
168 278
168 279
168 285
168 294
168 340
168 358
169 193
169 220
169 232
169 278
169 294
169 304
169 342
169 346
169 371
169 396
169 397
170 183
170 192
170 325
170 337
170 366
171 178
171 202
171 216
171 280
171 290
171 293
171 315
171 328
171 349
171 361
171 388
171 399
172 182
172 247
172 249
172 251
172 257
172 260
172 267
172 276
172 297
172 357
172 386
172 399
173 244
173 246
173 327
173 330
173 347
173 360
173 371
173 375
173 388
173 391
174 190
174 200
174 246
174 310
174 312
174 317
174 398
174 400
175 181
175 258
175 304
175 311
175 385
175 396
176 191
176 219
176 312
176 315
176 318
176 323
176 343
176 360
177 190
177 191
177 208
177 220
177 229
177 236
177 244
177 247
177 252
177 284
177 325
177 339
177 366
177 381
177 397
178 182
178 196
178 262
178 321
178 332
178 340
178 356
178 365
178 377
178 386
178 387
178 390
179 193
179 200
179 219
179 245
179 248
179 257
179 289
179 334
179 363
179 366
179 388
180 188
180 195
180 215
180 231
180 259
180 270
180 282
180 305
180 318
180 345
180 379
180 394
181 274
181 336
181 400
182 184
182 187
182 200
182 206
182 246
182 254
182 296
182 323
182 346
182 353
182 377
183 186
183 200
183 260
183 289
183 293
183 317
183 327
183 372
184 212
184 224
184 311
184 321
184 347
184 381
185 201
185 277
185 292
185 337
185 340
185 387
186 188
186 201
186 252
186 262
186 296
186 306
186 345
186 351
186 375
187 189
187 196
187 205
187 238
187 250
187 279
187 281
187 327
187 328
187 335
187 345
187 356
187 359
188 282
188 287
188 298
188 331
188 349
188 362
188 378
188 393
188 395
189 201
189 217
189 256
189 266
189 269
189 289
189 294
189 307
189 315
189 319
189 332
189 363
189 374
189 394
190 207
190 209
190 230
190 237
190 271
190 347
190 388
191 202
191 263
191 277
191 320
191 321
191 353
191 373
192 205
192 299
192 327
192 342
192 378
192 380
193 251
193 256
193 269
193 315
193 361
194 209
194 239
194 245
194 263
194 311
194 350
195 199
195 200
195 215
195 232
195 266
195 303
195 331
195 351
195 361
195 375
195 396
195 399
196 200
196 213
196 337
196 340
196 349
196 367
196 372
197 198
197 224
197 225
197 240
197 269
197 311
197 329
197 373
197 382
197 385
198 214
198 245
198 255
198 262
198 289
198 303
198 306
198 334
198 348
198 385
198 389
199 202
199 225
199 241
199 250
199 273
199 304
199 318
199 328
199 330
199 355
199 358
199 371
199 382
199 385
200 212
200 245
200 279
200 312
200 328
200 356
201 223
201 273
201 331
201 348
201 367
202 214
202 225
202 248
202 289
202 295
202 300
202 336
202 344
202 366
203 269
203 271
203 330
203 399
204 213
204 225
204 238
204 267
204 274
204 288
204 302
204 309
204 334
204 346
204 367
205 248
205 271
205 287
205 297
205 334
206 235
206 258
206 281
206 304
206 314
206 335
206 348
206 349
206 392
207 212
207 218
207 228
207 239
207 243
207 245
207 265
207 315
207 330
207 367
207 375
208 234
208 237
208 292
208 296
208 307
208 311
208 325
208 353
208 391
208 397
209 223
209 262
209 292
209 319
209 325
209 352
210 252
210 263
210 292
210 337
210 388
211 240
211 272
211 304
211 309
211 335
211 350
211 359
211 386
212 246
212 257
212 272
212 278
212 287
212 345
212 364
212 380
213 215
213 230
213 272
213 281
213 333
213 348
213 356
213 360
214 248
214 253
214 283
214 287
214 375
215 251
215 264
215 303
215 388
215 396
216 230
216 246
216 247
216 324
216 352
216 397
217 252
217 256
217 263
217 271
217 303
217 314
218 247
218 285
218 293
218 389
219 227
219 301
219 319
219 320
219 366
219 396
220 313
220 338
220 344
220 373
221 239
221 281
221 308
221 330
221 340
221 343
222 335
222 345
222 362
223 231
223 265
223 298
223 306
223 311
223 320
223 338
223 346
224 253
224 267
224 271
224 290
224 299
224 306
224 323
224 345
224 385
225 273
225 312
225 318
225 323
225 339
225 369
226 247
226 277
226 282
226 316
226 357
226 372
226 387
227 236
227 240
227 248
227 260
227 274
227 282
227 300
227 354
227 361
227 391
227 398
228 272
228 322
228 365
229 274
229 317
229 319
229 344
229 345
229 362
229 372
230 252
230 291
230 292
230 366
230 382
230 388
230 396
231 256
231 262
231 279
231 282
231 364
232 270
232 281
232 297
232 304
232 328
232 338
232 370
232 383
232 392
232 394
233 249
233 318
233 330
233 364
233 365
233 370
233 379
233 389
233 396
234 244
234 275
234 300
234 311
234 314
235 265
235 273
235 287
235 293
235 299
235 333
235 348
235 387
235 396
236 237
236 240
236 271
236 293
236 351
237 245
237 250
237 271
237 306
237 381
237 395
237 397
238 259
238 270
238 281
238 289
238 299
238 366
238 370
238 381
239 254
239 375
239 387
239 390
240 292
240 307
240 322
240 329
240 374
241 245
241 251
241 252
241 265
241 281
241 314
241 351
241 358
241 397
242 256
242 276
242 313
242 320
242 361
242 373
242 374
242 400
243 296
243 323
243 332
243 359
243 368
244 251
244 267
244 283
244 302
244 320
244 348
244 362
244 376
244 378
244 392
245 247
245 275
245 304
245 305
245 311
245 315
245 317
245 332
245 338
245 343
245 345
245 391
246 276
246 279
246 293
246 298
246 303
246 325
246 349
246 359
246 373
247 278
247 303
247 317
247 322
247 324
247 368
248 287
248 299
248 318
248 327
248 335
248 356
248 359
248 370
248 374
248 378
248 395
248 400
249 291
249 302
249 312
249 340
249 345
249 365
249 371
249 397
250 254
250 262
250 301
250 400
251 261
251 262
251 336
251 360
251 361
251 364
251 385
251 393
252 260
252 262
252 286
252 329
253 330
253 350
254 274
254 304
254 339
254 359
255 271
255 303
255 348
256 279
256 318
256 342
256 356
256 372
256 386
256 397
257 296
257 315
257 320
257 343
257 366
257 373
257 389
257 398
258 273
258 285
258 290
258 342
258 358
258 364
258 385
259 270
259 298
259 331
259 334
260 270
260 280
260 315
260 330
260 357
260 380
260 395
261 268
261 303
261 306
261 313
261 324
261 328
261 332
261 336
261 395
262 286
262 335
262 377
262 381
263 264
263 275
263 276
263 293
263 300
263 317
263 347
263 359
263 365
263 373
263 374
264 277
264 285
264 313
264 321
264 389
264 390
265 304
265 349
265 358
265 375
265 398
266 273
266 302
266 307
266 312
266 313
266 371
266 392
267 289
267 297
267 311
267 345
267 367
268 298
268 319
268 356
268 358
268 361
268 398
268 400
269 281
269 287
269 305
269 350
269 368
270 303
270 311
270 316
270 339
270 340
271 302
271 308
271 331
271 346
271 368
271 370
271 385
272 314
272 328
272 398
273 300
273 326
273 330
273 338
273 340
273 358
273 400
274 305
274 334
274 352
275 280
275 283
275 306
276 332
276 341
276 357
277 299
277 319
277 340
277 351
278 286
278 387
279 309
279 315
279 322
279 346
279 368
279 398
280 321
281 313
281 338
281 372
281 390
281 400
282 283
282 305
282 332
283 303
283 329
283 342
283 343
283 354
283 363
284 290
284 378
285 366
285 383
285 384
286 313
286 316
286 319
286 333
286 354
286 363
286 364
286 378
287 330
287 333
287 348
287 370
287 374
288 298
288 318
288 367
289 292
289 313
289 320
289 364
290 319
290 327
290 329
290 343
291 295
291 310
291 313
291 314
291 361
291 368
291 373
291 382
292 321
292 334
292 382
293 320
293 321
293 342
293 356
293 363
293 371
293 400
294 305
294 333
294 342
294 367
294 368
294 372
295 341
295 378
296 304
296 329
296 330
296 334
296 348
296 353
296 366
297 305
297 326
297 389
297 395
297 397
298 361
298 366
299 300
299 309
299 317
299 341
299 355
299 371
299 387
300 342
300 347
300 368
300 370
300 382
301 320
301 339
301 348
301 373
302 319
302 350
302 369
302 373
303 311
303 360
303 367
304 310
304 326
304 362
304 375
305 320
306 390
307 322
307 360
307 387
308 349
308 383
308 387
310 339
311 372
311 376
312 325
312 326
312 392
313 316
313 326
313 328
313 357
313 365
313 382
314 327
314 355
314 372
314 393
315 399
316 345
317 340
318 320
318 356
318 383
319 322
319 353
319 361
319 376
320 346
320 372
320 378
321 347
321 362
321 392
322 339
322 362
323 334
323 346
323 367
323 369
323 375
324 365
324 392
326 385
327 363
327 365
327 382
328 341
328 378
328 389
329 338
330 392
331 341
331 347
331 355
331 373
331 385
332 365
332 378
332 386
333 335
333 371
333 399
334 349
334 355
334 363
334 370
334 371
335 355
335 370
335 388
336 392
336 400
337 367
337 373
338 343
338 376
338 380
338 395
339 352
339 356
339 363
339 386
340 395
340 396
341 387
342 365
343 371
343 378
344 352
344 375
344 377
345 355
345 359
345 372
346 353
346 358
346 379
346 399
347 365
347 366
347 385
347 387
347 388
347 393
348 353
349 353
349 363
349 373
349 374
351 379
351 396
352 366
352 371
352 384
352 397
352 399
353 358
353 365
353 370
353 382
353 399
355 389
355 390
356 358
356 373
356 397
357 370
357 384
357 390
358 387
358 396
358 399
359 371
359 396
360 390
361 368
361 391
362 366
362 367
362 376
362 379
362 386
362 398
363 369
363 387
363 398
364 366
364 371
365 395
366 374
366 381
366 395
367 368
367 377
369 386
371 372
372 373
372 374
372 375
372 380
372 382
373 387
374 393
375 389
376 393
379 387
379 393
380 389
381 388
381 393
381 397
381 398
382 392
383 394
385 389
386 389
386 397
386 399
387 390
394 395
