500 4997
1 26
1 73
1 74
1 100
1 106
1 156
1 292
1 300
1 308
1 322
1 326
1 364
1 383
1 415
1 422
1 429
1 486
2 34
2 75
2 80
2 88
2 163
2 184
2 205
2 225
2 275
2 301
2 339
2 358
2 389
2 470
3 46
3 48
3 104
3 185
3 186
3 188
3 195
3 206
3 208
3 241
3 272
3 273
3 275
3 302
3 306
3 348
3 359
3 406
3 420
3 432
3 462
3 478
4 6
4 15
4 58
4 66
4 73
4 111
4 189
4 219
4 272
4 320
4 331
4 332
4 406
4 443
4 475
4 481
4 487
5 43
5 75
5 86
5 87
5 93
5 114
5 161
5 172
5 198
5 246
5 298
5 315
5 400
5 436
5 497
6 103
6 156
6 158
6 162
6 197
6 198
6 201
6 212
6 223
6 225
6 272
6 285
6 293
6 316
6 318
6 325
6 361
6 413
6 452
6 462
6 467
7 64
7 94
7 144
7 167
7 197
7 229
7 252
7 261
7 315
7 324
7 373
7 388
7 419
7 424
7 471
7 480
7 486
7 496
8 36
8 43
8 129
8 177
8 192
8 198
8 251
8 259
8 299
8 307
8 352
8 490
8 497
9 51
9 64
9 73
9 75
9 79
9 84
9 150
9 209
9 212
9 240
9 266
9 279
9 284
9 288
9 334
9 349
9 381
9 404
9 405
9 413
9 418
9 450
9 463
9 471
9 475
9 478
9 489
10 31
10 42
10 43
10 99
10 116
10 124
10 129
10 133
10 148
10 158
10 182
10 201
10 244
10 272
10 274
10 292
10 330
10 332
10 342
10 350
10 352
10 431
10 440
10 446
10 458
10 463
10 492
11 35
11 61
11 65
11 85
11 105
11 130
11 141
11 196
11 198
11 205
11 208
11 304
11 316
11 348
11 355
11 363
11 374
11 436
11 438
11 452
11 491
12 68
12 114
12 173
12 174
12 240
12 267
12 271
12 287
12 302
12 366
12 400
12 401
12 423
12 471
12 498
13 45
13 64
13 98
13 116
13 120
13 163
13 166
13 188
13 221
13 264
13 265
13 275
13 307
13 364
13 403
13 433
13 456
13 460
14 16
14 18
14 68
14 107
14 142
14 154
14 181
14 230
14 241
14 249
14 299
14 366
14 372
14 373
14 380
14 398
14 410
14 415
14 424
14 471
14 495
15 61
15 64
15 80
15 84
15 98
15 122
15 149
15 152
15 178
15 179
15 188
15 195
15 242
15 255
15 292
15 298
15 302
15 307
15 376
15 410
15 446
15 459
15 474
15 476
15 479
16 27
16 40
16 49
16 55
16 68
16 69
16 73
16 187
16 215
16 289
16 304
16 316
16 318
16 375
16 448
16 453
16 475
16 485
17 38
17 43
17 72
17 165
17 171
17 196
17 231
17 277
17 333
17 343
17 351
17 368
17 371
17 379
17 408
17 423
17 444
17 500
18 63
18 97
18 140
18 150
18 177
18 194
18 211
18 290
18 291
18 299
18 303
18 316
18 341
18 383
18 396
18 397
18 412
18 416
18 427
18 441
19 35
19 47
19 226
19 285
19 335
19 353
19 385
19 387
19 428
19 460
19 483
20 29
20 49
20 79
20 95
20 162
20 169
20 183
20 189
20 228
20 233
20 244
20 262
20 287
20 321
20 327
20 371
20 386
20 445
20 455
20 464
21 44
21 61
21 78
21 81
21 89
21 107
21 110
21 131
21 152
21 181
21 199
21 245
21 323
21 331
21 371
21 466
21 488
21 500
22 47
22 67
22 85
22 93
22 98
22 101
22 106
22 182
22 192
22 212
22 220
22 246
22 247
22 285
22 323
22 328
22 363
22 368
22 418
22 454
22 499
23 33
23 46
23 59
23 116
23 124
23 155
23 192
23 216
23 235
23 268
23 277
23 293
23 326
23 363
23 388
23 407
23 417
23 425
23 447
23 450
23 452
23 465
23 490
23 491
23 500
24 129
24 162
24 164
24 173
24 248
24 306
24 354
24 361
24 375
24 389
24 396
24 423
24 430
24 435
24 447
25 44
25 55
25 70
25 104
25 114
25 165
25 199
25 201
25 222
25 286
25 306
25 350
25 390
25 398
25 470
26 43
26 60
26 88
26 104
26 107
26 122
26 153
26 154
26 174
26 180
26 234
26 258
26 282
26 352
26 388
26 428
26 490
27 41
27 88
27 99
27 146
27 149
27 166
27 204
27 228
27 239
27 269
27 324
27 394
27 435
27 480
27 481
28 37
28 46
28 53
28 69
28 114
28 136
28 144
28 145
28 164
28 173
28 180
28 190
28 203
28 204
28 222
28 245
28 289
28 291
28 352
28 358
28 388
28 397
28 407
28 431
29 88
29 97
29 113
29 159
29 181
29 185
29 205
29 233
29 236
29 250
29 251
29 253
29 265
29 292
29 303
29 383
29 400
29 427
29 440
29 450
29 466
29 478
29 490
30 38
30 60
30 77
30 96
30 211
30 231
30 247
30 259
30 275
30 346
30 367
30 399
30 407
30 481
30 485
30 489
31 68
31 90
31 98
31 139
31 159
31 160
31 190
31 196
31 206
31 252
31 288
31 353
31 364
31 398
31 400
31 405
31 418
31 423
31 424
31 438
31 491
31 499
32 39
32 63
32 78
32 127
32 131
32 136
32 138
32 146
32 147
32 165
32 221
32 271
32 292
32 294
32 316
32 364
32 438
32 479
32 489
32 495
33 39
33 45
33 184
33 232
33 252
33 271
33 276
33 285
33 306
33 321
33 331
33 338
33 429
33 493
34 44
34 104
34 148
34 152
34 157
34 160
34 161
34 175
34 201
34 211
34 220
34 239
34 271
34 277
34 286
34 288
34 289
34 307
34 328
34 360
34 372
34 373
34 386
34 411
34 429
34 440
34 464
34 483
35 63
35 64
35 69
35 97
35 98
35 164
35 167
35 189
35 268
35 288
35 316
35 323
35 337
35 365
35 390
35 403
35 410
35 455
35 471
35 475
35 480
36 99
36 136
36 191
36 209
36 210
36 269
36 273
36 297
36 358
36 399
36 416
36 431
36 460
37 41
37 42
37 57
37 104
37 140
37 200
37 202
37 244
37 339
37 363
37 436
37 443
38 45
38 54
38 58
38 63
38 107
38 129
38 169
38 177
38 203
38 224
38 245
38 269
38 270
38 321
38 353
38 369
38 398
38 429
38 438
38 452
38 456
38 480
38 495
39 45
39 79
39 93
39 119
39 188
39 251
39 267
39 380
39 388
39 403
39 446
39 463
40 45
40 109
40 117
40 154
40 191
40 200
40 234
40 239
40 276
40 294
40 330
40 397
40 401
40 426
40 440
40 447
40 465
40 491
41 56
41 76
41 80
41 99
41 103
41 168
41 230
41 236
41 283
41 313
41 319
41 374
41 384
41 397
41 421
41 438
41 494
42 244
42 311
42 337
42 343
42 392
42 469
42 486
42 494
43 44
43 78
43 80
43 87
43 117
43 167
43 180
43 204
43 221
43 234
43 312
43 330
43 346
43 377
43 386
43 393
43 440
43 484
44 56
44 79
44 85
44 106
44 173
44 184
44 194
44 196
44 221
44 268
44 293
44 310
44 315
44 388
44 391
44 436
44 455
44 464
44 497
45 56
45 80
45 100
45 127
45 142
45 223
45 237
45 261
45 276
45 280
45 282
45 334
45 394
45 428
45 431
45 434
45 444
45 448
45 457
45 458
45 471
46 48
46 51
46 58
46 78
46 97
46 100
46 145
46 151
46 152
46 181
46 197
46 217
46 264
46 266
46 326
46 376
46 399
46 410
46 481
46 483
46 495
47 57
47 77
47 155
47 189
47 240
47 244
47 273
47 278
47 317
47 347
47 350
47 372
47 433
47 466
47 484
47 493
47 496
48 51
48 67
48 108
48 115
48 136
48 148
48 184
48 208
48 213
48 236
48 237
48 238
48 261
48 266
48 313
48 336
48 369
48 384
48 417
48 419
48 461
48 471
49 70
49 82
49 83
49 102
49 130
49 166
49 200
49 207
49 212
49 219
49 295
49 306
49 314
49 316
49 333
49 345
49 360
49 393
49 399
49 404
49 418
49 443
49 448
49 452
49 462
49 493
50 61
50 73
50 81
50 112
50 127
50 133
50 156
50 160
50 230
50 293
50 378
50 381
50 425
50 459
50 466
50 491
50 499
51 134
51 137
51 165
51 173
51 183
51 194
51 224
51 241
51 267
51 274
51 281
51 308
51 335
51 339
51 346
51 364
51 376
51 394
51 410
51 415
51 439
51 450
51 451
51 461
51 466
51 474
51 475
51 483
52 173
52 190
52 279
52 288
52 312
52 365
52 459
52 483
52 488
53 71
53 78
53 105
53 110
53 183
53 189
53 209
53 254
53 275
53 281
53 292
53 339
53 343
53 376
53 417
53 439
53 452
53 453
53 454
53 481
53 483
54 126
54 176
54 219
54 269
54 273
54 378
54 434
55 78
55 107
55 130
55 204
55 212
55 214
55 224
55 238
55 243
55 254
55 276
55 279
55 313
55 340
55 390
55 427
55 433
55 435
55 452
55 471
56 61
56 72
56 111
56 116
56 117
56 157
56 167
56 197
56 244
56 269
56 282
56 286
56 326
56 364
56 381
56 383
56 433
56 434
56 490
57 84
57 100
57 145
57 150
57 154
57 158
57 167
57 194
57 216
57 270
57 280
57 291
57 308
57 317
57 332
57 368
57 385
57 396
57 409
58 62
58 63
58 76
58 113
58 120
58 126
58 235
58 287
58 300
58 317
58 351
58 356
58 367
58 397
58 468
58 472
58 480
58 494
59 105
59 107
59 110
59 133
59 149
59 167
59 183
59 203
59 326
59 385
59 409
59 469
59 489
59 493
60 86
60 98
60 110
60 184
60 200
60 214
60 257
60 268
60 283
60 308
60 312
60 313
60 317
60 351
60 390
60 421
60 453
60 499
61 256
61 259
61 273
61 299
61 317
61 339
61 350
61 364
61 458
62 79
62 143
62 147
62 211
62 259
62 283
62 348
62 413
62 414
62 417
62 420
62 433
62 440
62 448
62 486
63 110
63 116
63 121
63 135
63 189
63 215
63 252
63 298
63 333
63 360
63 387
63 449
63 453
63 481
64 130
64 153
64 210
64 211
64 239
64 260
64 262
64 272
64 298
64 299
64 313
64 349
64 370
64 396
64 401
64 416
64 420
64 469
65 77
65 81
65 101
65 129
65 151
65 197
65 249
65 266
65 317
65 341
65 355
65 374
65 392
65 406
65 407
65 470
65 489
66 69
66 71
66 80
66 108
66 134
66 143
66 160
66 202
66 247
66 291
66 344
66 386
66 429
66 458
66 460
66 475
66 488
66 491
67 133
67 143
67 156
67 171
67 182
67 215
67 216
67 223
67 243
67 265
67 278
67 287
67 307
67 327
67 338
67 359
67 377
67 400
67 434
67 446
67 477
67 487
67 491
68 95
68 117
68 130
68 147
68 182
68 198
68 236
68 250
68 318
68 351
68 405
68 455
68 457
68 467
69 78
69 87
69 109
69 233
69 247
69 300
69 320
69 327
69 333
69 371
69 394
69 453
69 464
70 87
70 102
70 105
70 119
70 170
70 199
70 201
70 269
70 277
70 279
70 316
70 319
70 332
70 343
70 350
70 371
70 382
70 390
70 391
70 401
70 452
70 471
71 102
71 112
71 120
71 123
71 238
71 249
71 251
71 265
71 273
71 390
71 398
71 417
71 454
71 485
72 78
72 103
72 114
72 129
72 135
72 143
72 150
72 154
72 155
72 180
72 224
72 254
72 264
72 280
72 282
72 321
72 337
72 346
72 364
72 464
72 477
72 483
72 493
72 499
73 74
73 107
73 114
73 128
73 147
73 160
73 161
73 214
73 247
73 288
73 301
73 321
73 371
73 404
73 465
73 495
73 497
74 127
74 131
74 142
74 154
74 170
74 171
74 178
74 194
74 195
74 213
74 217
74 234
74 282
74 297
74 400
74 432
74 480
74 484
74 489
75 85
75 117
75 204
75 226
75 245
75 265
75 288
75 336
75 388
76 86
76 109
76 138
76 172
76 174
76 189
76 243
76 279
76 282
76 286
76 293
76 303
76 305
76 320
76 341
76 355
76 360
76 375
76 394
76 421
76 428
76 451
76 487
77 83
77 121
77 131
77 133
77 136
77 137
77 189
77 207
77 209
77 235
77 272
77 296
77 360
77 428
77 434
77 473
78 152
78 162
78 186
78 289
78 293
78 321
78 348
78 361
78 363
78 382
78 402
78 451
78 468
79 138
79 142
79 144
79 205
79 305
79 443
79 447
79 477
80 83
80 86
80 147
80 151
80 194
80 195
80 198
80 221
80 239
80 259
80 298
80 321
80 383
80 390
80 427
80 449
80 461
80 497
81 131
81 155
81 213
81 217
81 245
81 274
81 275
81 350
81 355
81 389
81 394
81 426
81 431
81 436
81 467
81 492
82 145
82 178
82 223
82 233
82 255
82 287
82 332
82 347
82 369
82 375
82 381
82 382
82 418
82 427
82 428
82 444
82 466
82 486
83 101
83 108
83 142
83 192
83 194
83 204
83 241
83 255
83 256
83 288
83 292
83 305
83 381
83 390
83 393
83 408
83 412
84 109
84 117
84 130
84 133
84 167
84 205
84 214
84 243
84 251
84 255
84 303
84 319
84 328
84 332
84 408
84 442
85 109
85 145
85 158
85 185
85 201
85 218
85 234
85 248
85 252
85 273
85 299
85 304
85 334
85 335
85 344
85 495
86 136
86 165
86 169
86 194
86 209
86 224
86 240
86 241
86 268
86 295
86 333
86 336
86 368
86 381
86 419
87 130
87 147
87 162
87 186
87 265
87 294
87 355
87 412
87 457
87 458
87 459
87 468
87 472
88 111
88 162
88 171
88 179
88 192
88 202
88 205
88 241
88 249
88 284
88 305
88 347
88 380
88 383
88 395
88 438
89 102
89 141
89 151
89 157
89 232
89 247
89 259
89 364
89 392
89 467
89 477
90 120
90 122
90 133
90 174
90 177
90 186
90 196
90 197
90 282
90 300
90 312
90 320
90 346
90 351
90 367
90 372
90 373
90 377
90 401
90 411
90 414
90 446
90 456
91 93
91 95
91 113
91 115
91 119
91 202
91 211
91 219
91 232
91 238
91 265
91 266
91 283
91 284
91 295
91 298
91 312
91 315
91 327
91 334
91 346
91 349
91 356
91 367
91 383
91 428
91 429
91 462
92 111
92 129
92 155
92 178
92 184
92 251
92 253
92 267
92 316
92 322
92 342
92 410
92 415
92 449
92 466
92 490
92 499
93 100
93 115
93 123
93 142
93 228
93 278
93 282
93 285
93 327
93 335
93 440
94 110
94 156
94 163
94 194
94 201
94 231
94 239
94 276
94 316
94 334
94 339
94 348
94 380
94 387
94 419
94 420
94 442
94 485
95 97
95 109
95 198
95 216
95 219
95 235
95 244
95 272
95 288
95 289
95 331
95 412
95 432
95 490
96 125
96 126
96 134
96 237
96 245
96 269
96 275
96 330
96 335
96 340
96 348
96 352
96 392
96 480
97 119
97 152
97 156
97 188
97 211
97 250
97 259
97 284
97 304
97 337
97 414
97 451
97 476
98 107
98 117
98 175
98 177
98 179
98 224
98 227
98 246
98 248
98 252
98 285
98 323
98 342
98 361
98 369
98 387
98 398
98 462
99 110
99 125
99 126
99 138
99 162
99 275
99 283
99 307
99 354
99 361
99 369
99 411
99 432
99 433
99 466
99 467
100 117
100 127
100 130
100 135
100 139
100 173
100 197
100 198
100 199
100 220
100 227
100 283
100 296
100 317
100 327
100 467
100 486
101 110
101 114
101 140
101 143
101 201
101 221
101 280
101 321
101 331
101 461
102 106
102 111
102 122
102 134
102 187
102 216
102 253
102 254
102 320
102 343
102 366
102 382
102 388
102 391
102 399
102 402
102 415
102 473
103 117
103 124
103 158
103 163
103 178
103 192
103 211
103 222
103 360
103 364
103 428
103 458
103 496
104 145
104 185
104 194
104 195
104 212
104 231
104 255
104 268
104 277
104 329
104 389
104 411
104 412
104 456
104 466
104 497
105 114
105 136
105 145
105 168
105 216
105 238
105 240
105 241
105 248
105 340
105 373
105 401
105 409
105 422
105 451
105 464
105 481
105 486
106 118
106 133
106 136
106 147
106 187
106 208
106 217
106 331
106 342
106 351
106 364
106 372
106 398
106 437
106 474
107 133
107 144
107 147
107 188
107 190
107 217
107 247
107 280
107 341
107 354
107 432
107 476
107 479
107 481
108 128
108 133
108 138
108 146
108 164
108 180
108 209
108 214
108 220
108 224
108 228
108 337
108 347
108 360
108 362
108 363
108 402
108 415
108 420
108 423
108 426
108 459
108 471
108 489
109 224
109 226
109 246
109 256
109 270
109 298
109 338
109 352
109 422
109 434
109 435
109 442
109 447
109 473
109 474
109 491
110 136
110 150
110 163
110 180
110 189
110 210
110 225
110 242
110 287
110 304
110 305
110 349
110 361
110 401
110 413
110 460
110 463
110 488
111 159
111 198
111 218
111 233
111 268
111 289
111 344
111 358
111 368
111 383
111 392
111 426
111 431
111 443
111 471
112 142
112 211
112 250
112 254
112 256
112 267
112 273
112 274
112 296
112 329
112 340
112 380
112 392
112 401
112 407
112 434
112 445
112 463
113 120
113 123
113 132
113 163
113 174
113 188
113 199
113 234
113 260
113 267
113 308
113 309
113 324
113 361
113 417
113 455
113 457
113 462
113 487
113 495
113 496
113 498
114 148
114 156
114 175
114 240
114 244
114 286
114 295
114 296
114 301
114 327
114 329
114 350
114 364
114 405
114 406
114 408
114 422
114 423
114 430
114 436
114 492
115 123
115 126
115 134
115 143
115 167
115 168
115 186
115 194
115 237
115 273
115 284
115 293
115 384
115 445
115 491
116 169
116 192
116 242
116 249
116 268
116 296
116 298
116 305
116 308
116 349
116 353
116 379
116 419
116 440
116 446
116 497
117 131
117 203
117 231
117 309
117 311
117 339
117 358
117 359
117 376
117 395
117 411
117 462
117 487
118 119
118 157
118 210
118 255
118 266
118 353
118 414
118 417
118 426
118 474
118 479
118 494
119 136
119 152
119 166
119 195
119 197
119 206
119 208
119 215
119 216
119 238
119 290
119 330
119 337
119 370
119 371
119 374
119 383
119 411
119 416
119 459
120 129
120 146
120 147
120 155
120 173
120 195
120 196
120 218
120 262
120 328
120 389
120 417
120 438
120 448
120 455
120 480
120 483
120 492
120 497
121 125
121 127
121 131
121 135
121 157
121 201
121 230
121 233
121 263
121 264
121 270
121 279
121 325
121 343
121 409
121 436
121 448
121 494
122 132
122 142
122 180
122 184
122 209
122 234
122 235
122 251
122 260
122 393
122 405
122 434
122 475
122 499
123 136
123 200
123 210
123 213
123 235
123 248
123 269
123 281
123 308
123 319
123 330
123 395
123 397
123 399
123 405
123 408
123 415
123 424
123 445
124 129
124 158
124 171
124 243
124 245
124 326
124 329
124 346
124 359
124 370
124 374
124 387
124 390
124 415
124 425
124 471
125 160
125 162
125 167
125 248
125 250
125 256
125 333
125 379
125 386
125 460
125 471
125 490
126 144
126 237
126 240
126 243
126 248
126 268
126 285
126 338
126 339
126 356
126 368
126 377
126 384
126 392
126 395
126 400
126 432
126 473
126 487
127 141
127 156
127 172
127 179
127 193
127 259
127 318
127 329
127 337
127 353
127 362
127 374
127 383
127 384
127 387
127 411
127 418
127 437
127 463
127 466
127 475
128 135
128 180
128 209
128 212
128 234
128 254
128 261
128 281
128 297
128 325
128 336
128 348
128 371
128 384
128 411
128 445
128 460
129 188
129 250
129 314
129 316
129 319
129 332
129 338
129 378
129 386
129 428
129 455
129 478
129 485
130 139
130 165
130 179
130 239
130 268
130 272
130 296
130 306
130 351
130 407
130 419
131 137
131 147
131 173
131 207
131 242
131 318
131 333
131 378
131 381
131 428
131 443
131 456
132 139
132 149
132 183
132 193
132 232
132 238
132 262
132 289
132 296
132 305
132 338
132 350
132 379
132 381
132 427
132 428
132 435
132 445
132 456
132 459
133 227
133 232
133 243
133 276
133 294
133 307
133 323
133 338
133 340
133 357
133 373
133 412
133 422
133 425
133 445
133 450
133 463
133 471
133 475
133 488
134 153
134 164
134 184
134 207
134 209
134 230
134 237
134 271
134 347
134 388
134 411
134 472
134 486
135 164
135 165
135 197
135 217
135 257
135 351
135 379
135 394
135 430
135 432
136 146
136 151
136 164
136 210
136 256
136 310
136 340
136 346
136 364
136 412
136 451
137 142
137 143
137 158
137 175
137 209
137 246
137 274
137 294
137 304
137 318
137 339
137 342
137 347
137 360
137 484
137 487
137 496
138 152
138 157
138 186
138 212
138 213
138 228
138 257
138 299
138 317
138 361
138 370
138 373
138 404
138 435
138 445
138 452
138 479
138 493
138 496
139 163
139 177
139 214
139 218
139 232
139 255
139 271
139 280
139 303
139 334
139 348
139 358
139 360
139 385
139 388
139 401
139 412
139 415
139 442
139 475
140 149
140 182
140 198
140 226
140 292
140 342
140 400
140 417
140 436
140 481
140 492
141 156
141 197
141 203
141 208
141 244
141 252
141 274
141 374
141 376
141 435
142 146
142 156
142 168
142 181
142 210
142 217
142 231
142 245
142 252
142 277
142 289
142 310
142 386
142 409
142 425
142 435
142 472
143 210
143 233
143 256
143 279
143 289
143 310
143 323
143 324
143 367
143 380
143 386
143 396
143 407
143 411
143 413
143 433
143 483
143 498
144 179
144 187
144 238
144 241
144 296
144 300
144 311
144 315
144 329
144 357
144 395
144 401
144 418
144 457
144 487
145 159
145 165
145 192
145 282
145 293
145 322
145 367
145 418
145 459
145 491
146 169
146 174
146 200
146 215
146 224
146 251
146 299
146 310
146 325
146 331
146 340
146 398
146 417
146 433
146 455
146 470
147 159
147 168
147 220
147 235
147 243
147 247
147 321
147 326
147 356
147 360
147 448
148 157
148 170
148 209
148 294
148 302
148 320
148 336
148 337
148 414
148 442
148 487
149 174
149 178
149 185
149 193
149 225
149 236
149 351
149 389
149 397
149 493
150 162
150 236
150 254
150 255
150 301
150 331
150 428
150 453
150 459
150 488
151 184
151 226
151 253
151 275
151 285
151 288
151 458
151 468
151 485
152 183
152 217
152 250
152 258
152 263
152 272
152 290
152 298
152 381
152 395
152 399
152 418
152 427
152 434
152 451
152 473
153 166
153 229
153 268
153 274
153 279
153 295
153 325
153 377
153 407
153 412
153 446
153 487
154 156
154 171
154 193
154 197
154 205
154 217
154 231
154 239
154 257
154 311
154 318
154 348
154 355
154 401
154 451
154 494
155 229
155 272
155 274
155 299
155 300
155 317
155 327
155 377
155 416
155 417
155 491
156 163
156 169
156 177
156 206
156 212
156 229
156 232
156 314
156 388
156 399
156 415
156 422
156 446
156 456
156 488
157 158
157 167
157 169
157 191
157 260
157 272
157 306
157 307
157 312
157 321
157 331
157 338
157 352
157 383
157 408
157 419
157 422
158 196
158 204
158 218
158 224
158 230
158 264
158 279
158 318
158 327
158 332
158 335
158 366
158 388
158 446
159 162
159 167
159 188
159 223
159 298
159 312
159 314
159 338
159 349
159 360
159 368
159 378
159 445
159 449
159 460
159 494
160 275
160 287
160 290
160 352
160 367
160 382
160 389
160 434
160 464
160 470
160 471
160 484
160 500
161 194
161 231
161 238
161 277
161 294
161 314
161 351
161 358
161 399
161 411
161 412
161 438
161 491
162 180
162 189
162 216
162 225
162 264
162 280
162 296
162 315
162 333
162 361
162 375
162 389
162 391
162 405
162 415
162 443
162 472
162 473
162 479
162 483
162 485
162 500
163 169
163 174
163 176
163 222
163 261
163 264
163 278
163 283
163 288
163 310
163 334
163 344
163 358
163 416
163 441
163 455
163 460
163 462
164 170
164 241
164 253
164 272
164 281
164 289
164 310
164 313
164 324
164 328
164 332
164 349
164 354
164 396
164 407
164 417
164 445
164 450
164 470
164 476
165 167
165 174
165 182
165 221
165 320
165 330
165 331
165 405
165 429
165 430
165 433
165 454
165 462
165 477
165 479
166 169
166 212
166 360
166 380
166 450
166 480
167 182
167 202
167 259
167 291
167 336
167 411
167 450
167 474
167 488
168 172
168 186
168 197
168 239
168 258
168 263
168 286
168 309
168 316
168 332
168 341
168 358
168 370
168 375
168 427
168 443
168 449
168 470
168 496
169 193
169 226
169 229
169 305
169 315
169 350
169 365
169 392
169 415
169 430
169 442
169 477
169 480
169 487
169 498
170 172
170 176
170 180
170 239
170 268
170 317
170 359
170 363
170 383
170 394
170 395
170 412
170 419
170 436
170 466
170 478
170 484
170 492
170 493
171 203
171 211
171 239
171 247
171 315
171 316
171 365
171 410
171 419
171 436
171 459
171 468
171 497
172 174
172 179
172 180
172 238
172 259
172 289
172 297
172 311
172 345
172 367
172 430
172 451
172 488
172 490
172 493
173 203
173 205
173 217
173 223
173 241
173 286
173 304
173 369
173 377
173 382
173 405
173 406
173 497
174 177
174 200
174 215
174 237
174 239
174 254
174 311
174 325
174 395
174 424
174 450
174 454
174 462
174 464
174 482
175 199
175 230
175 259
175 277
175 330
175 333
175 356
176 182
176 191
176 207
176 272
176 292
176 313
176 324
176 381
176 482
177 202
177 208
177 215
177 239
177 261
177 291
177 334
177 445
177 470
178 182
178 200
178 210
178 211
178 233
178 260
178 348
178 374
178 387
178 388
178 399
178 408
178 451
179 218
179 321
179 338
179 339
179 382
179 385
179 388
179 402
179 423
179 432
179 433
179 447
180 192
180 195
180 210
180 232
180 236
180 272
180 292
180 341
180 377
180 398
180 405
180 449
181 195
181 203
181 205
181 219
181 280
181 295
181 298
181 299
181 346
181 353
181 358
181 367
181 414
181 427
181 475
182 202
182 203
182 224
182 238
182 245
182 253
182 282
182 293
182 321
182 330
182 355
182 356
182 360
182 434
182 471
183 184
183 209
183 210
183 214
183 228
183 233
183 246
183 288
183 309
183 372
183 378
183 380
183 446
183 451
183 486
183 495
184 187
184 211
184 225
184 241
184 257
184 312
184 317
184 338
184 340
184 352
184 389
184 408
184 417
184 442
184 486
185 202
185 221
185 225
185 260
185 309
185 316
185 355
185 371
185 407
185 420
185 460
186 310
186 335
186 373
186 400
186 454
186 488
186 492
187 312
187 434
187 438
187 475
187 476
188 230
188 241
188 251
188 253
188 282
188 290
188 307
188 338
188 366
188 383
188 404
188 495
189 214
189 292
189 354
189 390
189 417
189 437
189 468
189 476
189 491
190 231
190 257
190 263
190 311
190 326
190 356
190 381
190 404
190 453
190 465
190 486
190 488
190 494
191 251
191 278
191 420
191 471
191 473
191 490
192 213
192 250
192 261
192 281
192 405
192 423
192 429
192 437
192 455
192 467
193 208
193 221
193 229
193 245
193 281
193 309
193 325
193 331
193 339
193 346
193 347
193 396
193 411
193 429
193 497
194 199
194 229
194 235
194 267
194 300
194 304
194 319
194 337
194 341
194 348
194 371
194 440
194 441
194 491
195 222
195 285
195 292
195 322
195 345
195 347
195 380
195 384
195 397
195 432
195 437
195 458
195 478
195 497
195 498
196 213
196 215
196 216
196 221
196 233
196 284
196 294
196 304
196 305
196 409
196 426
196 444
196 449
196 462
196 475
196 477
196 483
196 490
196 495
197 204
197 221
197 302
197 303
197 315
197 330
197 354
197 370
197 384
197 390
197 429
197 438
197 441
197 454
197 479
198 211
198 228
198 251
198 264
198 265
198 274
198 277
198 284
198 296
198 304
198 322
198 333
198 337
198 342
198 401
198 414
198 421
198 435
198 441
198 450
199 221
199 266
199 295
199 296
199 297
199 302
199 304
199 336
199 368
199 389
199 417
199 477
199 483
199 499
200 217
200 222
200 226
200 227
200 239
200 258
200 284
200 298
200 306
200 308
200 312
200 380
200 487
201 204
201 207
201 214
201 218
201 242
201 257
201 261
201 324
201 334
201 399
201 429
202 214
202 235
202 240
202 242
202 252
202 264
202 266
202 320
202 349
202 351
202 353
202 384
202 387
202 394
202 405
202 413
202 452
202 473
203 232
203 264
203 310
203 353
203 383
203 405
203 406
203 423
203 427
203 451
203 486
204 206
204 224
204 229
204 255
204 275
204 289
204 311
204 328
204 347
204 348
204 497
205 206
205 242
205 243
205 249
205 261
205 273
205 317
205 338
205 411
205 445
205 446
205 488
206 229
206 270
206 311
206 318
206 325
206 378
206 395
206 411
206 422
206 448
206 497
207 208
207 268
207 280
207 284
207 322
207 366
207 389
207 403
207 448
207 473
207 487
207 499
208 247
208 296
208 306
208 343
208 376
208 397
208 423
208 450
209 226
209 259
209 260
209 278
209 314
209 349
209 359
209 391
209 396
209 398
209 400
209 452
209 478
210 256
210 260
210 368
210 404
210 409
210 416
210 483
210 485
210 493
211 220
211 340
211 341
211 351
211 362
211 376
211 405
211 442
211 453
211 471
212 252
212 254
212 273
212 319
212 341
212 360
212 412
212 419
212 437
212 460
212 483
212 490
213 214
213 228
213 249
213 338
213 401
213 427
213 441
213 466
213 482
214 216
214 258
214 321
214 341
214 357
215 225
215 244
215 324
215 337
215 413
215 418
215 421
215 429
215 433
215 441
215 471
215 491
216 242
216 251
216 278
216 444
217 224
217 232
217 269
217 352
217 354
217 414
217 427
217 467
218 238
218 252
218 259
218 275
218 320
218 324
218 349
218 407
218 418
218 434
218 473
218 491
219 244
219 264
219 312
219 327
219 333
219 368
219 385
219 400
219 406
219 423
219 438
219 480
220 258
220 270
220 285
220 288
220 307
220 341
220 342
220 354
220 457
220 462
220 467
220 468
221 303
221 306
221 307
221 316
221 340
221 413
221 418
221 428
221 443
221 449
221 473
221 494
222 230
222 244
222 284
222 297
222 305
222 317
222 338
222 347
222 348
222 353
222 363
222 383
222 391
222 423
222 465
222 475
223 236
223 249
223 254
223 278
223 412
223 456
223 475
224 233
224 248
224 254
224 302
224 309
224 347
224 353
224 378
224 384
225 249
225 286
225 292
225 357
225 379
225 399
225 414
225 469
225 489
226 231
226 303
226 306
226 316
226 418
226 478
227 239
227 250
227 291
227 299
227 328
227 336
227 353
227 407
227 424
227 466
227 468
227 472
228 234
228 237
228 238
228 292
228 310
228 322
228 372
228 417
228 424
228 426
228 435
229 259
229 264
229 317
229 326
229 376
229 404
229 467
229 485
229 491
229 492
230 245
230 266
230 273
230 317
230 329
230 331
230 343
230 372
230 382
230 384
230 415
230 424
230 476
231 234
231 262
231 268
231 273
231 283
231 456
231 458
232 255
232 277
232 318
232 351
232 358
232 372
232 461
232 482
233 301
233 334
233 353
233 366
233 376
233 398
233 480
234 259
234 269
234 270
234 271
234 291
234 326
234 428
234 433
234 492
234 493
235 270
235 271
235 286
235 299
235 333
235 432
235 436
235 460
235 470
235 494
235 499
236 260
236 282
236 285
236 339
236 377
236 381
236 387
236 405
236 409
236 411
236 427
236 443
236 472
237 285
237 383
237 485
238 249
238 280
238 289
238 301
238 310
238 379
238 422
238 477
238 492
239 241
239 262
239 297
239 310
239 315
239 328
239 329
239 343
239 367
239 389
239 396
239 402
239 404
239 447
240 244
240 280
240 281
240 329
240 350
240 402
240 412
240 439
240 448
240 454
240 473
240 487
240 489
241 245
241 331
241 341
241 342
241 352
241 359
241 408
241 470
241 473
241 478
241 480
242 251
242 271
242 286
242 360
242 365
242 384
242 390
242 437
242 456
242 494
243 264
243 269
243 293
243 300
243 307
243 311
243 322
243 325
243 437
243 468
243 495
244 248
244 286
244 290
244 319
244 391
244 402
244 423
244 445
244 461
244 467
245 317
245 331
245 380
245 422
245 465
245 470
246 257
246 258
246 263
246 367
246 368
246 370
246 380
246 408
246 410
246 414
246 479
247 253
247 269
247 273
247 319
247 327
247 354
247 355
247 387
247 406
247 416
247 420
247 431
248 262
248 293
248 321
248 326
248 334
248 345
248 413
248 442
248 453
248 483
248 488
249 267
249 277
249 280
249 364
249 380
249 397
249 420
249 427
250 261
250 293
250 294
250 299
250 311
250 331
250 335
250 336
250 337
250 364
250 371
250 383
250 404
250 405
250 418
250 435
250 447
250 467
250 477
250 478
251 280
251 293
251 311
251 314
251 349
251 388
251 406
251 429
251 437
251 492
252 256
252 276
252 315
252 318
252 338
252 340
252 395
252 435
252 464
252 465
252 470
252 471
252 496
252 498
253 281
253 283
253 298
253 311
253 338
253 355
253 369
253 370
253 372
253 411
253 427
253 464
253 475
254 272
254 286
254 301
254 340
254 360
254 363
254 421
255 268
255 310
255 331
255 407
255 451
255 452
255 481
255 493
255 496
256 260
256 280
256 346
256 392
256 467
257 272
257 287
257 340
257 397
257 406
257 413
257 460
257 491
257 497
257 498
258 281
258 290
258 301
258 313
258 331
258 385
258 389
258 391
258 393
258 406
258 408
258 413
258 437
258 458
258 499
259 312
259 314
259 321
259 402
259 440
259 456
259 462
259 471
259 489
260 284
260 291
260 310
260 332
260 390
260 409
260 413
260 434
260 435
260 438
260 444
260 447
260 459
260 467
260 474
260 497
261 270
261 296
261 309
261 346
261 353
261 436
261 493
262 270
262 282
262 284
262 316
262 323
262 324
262 334
262 336
262 359
262 365
262 376
262 382
262 435
262 454
263 282
263 317
263 318
263 361
263 362
263 386
263 452
263 456
264 273
264 308
264 352
264 354
264 356
264 380
264 437
264 454
264 485
265 285
265 309
265 327
265 330
265 349
265 449
265 459
265 473
266 271
266 383
266 401
266 417
266 439
266 448
266 449
266 459
266 499
267 275
267 283
267 313
267 315
267 330
267 354
267 423
267 429
267 440
267 455
267 457
267 460
267 494
268 285
268 318
268 339
268 362
268 377
268 384
268 402
268 403
268 468
269 306
269 323
269 341
269 360
269 381
269 386
269 401
269 484
269 486
270 289
270 324
270 356
270 384
270 421
270 435
270 463
270 484
271 283
271 346
271 395
271 423
272 308
272 328
272 329
272 338
272 406
272 433
272 441
272 453
272 457
272 470
272 487
273 282
273 307
273 318
273 319
273 354
273 377
273 415
273 459
273 478
273 489
273 492
274 290
274 300
274 327
274 331
274 349
274 374
274 394
274 397
274 413
274 419
274 424
275 282
275 298
275 318
275 373
275 376
275 415
275 422
275 442
276 302
276 353
276 391
276 398
276 453
276 469
276 478
277 282
277 333
277 356
277 372
277 374
277 376
277 391
277 401
277 429
277 453
277 467
277 492
278 284
278 312
278 316
278 328
278 374
278 405
278 409
278 416
278 430
278 471
279 331
279 381
279 407
279 435
279 467
279 478
280 284
280 287
280 303
280 316
280 322
280 342
280 414
280 450
281 327
281 360
281 367
281 414
281 458
281 478
281 483
282 319
282 326
282 346
282 363
282 389
282 406
282 449
283 312
283 317
283 328
283 362
283 385
283 407
283 424
283 428
283 447
283 451
283 456
283 470
283 491
284 290
284 302
284 379
284 410
284 424
284 434
284 481
285 311
285 315
285 340
285 376
285 408
285 440
285 444
285 451
285 470
285 495
286 303
286 363
286 392
286 401
286 485
286 492
287 310
287 329
287 376
287 395
287 411
287 419
287 422
287 439
287 441
287 468
287 482
287 498
288 308
288 322
288 332
288 347
288 349
288 404
288 432
288 436
288 441
288 442
289 325
289 362
289 366
289 387
289 397
289 409
289 416
289 461
289 472
289 492
290 308
290 343
290 350
290 382
290 432
290 434
290 442
290 484
290 485
290 498
291 302
291 305
291 325
291 347
291 350
291 362
291 369
291 456
291 473
292 313
292 339
292 340
292 447
292 475
292 487
292 494
292 495
293 304
293 316
293 350
293 398
293 403
293 430
293 434
293 462
293 474
293 488
294 296
294 307
294 323
294 331
294 333
294 336
294 356
294 376
294 399
294 422
294 461
294 473
294 474
294 497
294 500
295 299
295 323
295 340
295 352
295 362
295 382
295 469
295 474
295 488
296 308
296 328
296 407
296 409
296 415
296 425
296 442
296 461
296 479
296 498
297 309
297 313
297 331
297 337
297 370
297 386
297 397
297 437
297 462
297 493
297 497
298 301
298 316
298 333
298 340
298 360
298 372
298 381
298 400
298 421
298 428
298 449
298 482
299 308
299 354
299 403
299 417
299 431
299 443
299 471
300 311
300 327
300 396
300 407
300 420
300 449
300 458
300 465
301 317
301 334
301 366
301 398
301 424
301 455
301 481
301 483
301 490
302 316
302 324
302 334
302 353
302 359
302 399
302 409
302 415
302 459
302 466
302 482
302 483
302 487
302 499
303 315
303 317
303 379
303 385
303 419
303 445
303 469
303 496
304 327
304 344
304 356
304 407
304 411
304 419
304 425
304 436
304 457
304 482
304 496
305 324
305 351
305 352
305 372
305 389
305 391
305 399
305 431
305 449
305 452
305 492
306 307
306 326
306 334
306 376
306 462
306 469
306 471
306 474
306 489
306 490
307 323
307 356
307 363
307 398
307 411
307 419
307 454
307 457
307 477
307 484
307 486
308 313
308 425
308 446
308 464
308 490
309 324
309 335
309 417
309 423
309 440
309 456
309 458
309 496
310 318
310 320
310 358
310 364
310 372
310 376
310 394
310 395
310 427
310 439
310 440
310 448
311 349
311 353
311 399
311 426
311 458
311 476
312 316
312 330
312 353
312 361
312 396
312 405
312 495
313 321
313 334
313 351
313 356
313 383
313 395
313 446
313 469
313 472
313 478
313 479
313 483
313 491
314 375
314 392
314 398
314 424
314 479
314 484
314 487
314 489
315 332
315 421
315 426
315 430
315 486
316 324
316 343
316 356
316 395
316 430
316 460
317 331
317 346
317 390
317 418
317 440
317 451
317 488
317 490
318 332
318 344
318 409
318 418
318 426
318 435
318 460
319 329
319 367
319 421
319 427
319 439
319 450
319 451
319 454
319 457
319 473
319 482
319 496
320 324
320 365
320 370
320 375
320 390
320 399
320 437
320 441
320 461
320 466
320 470
321 370
321 411
321 423
321 457
321 460
322 331
322 404
322 413
322 436
322 451
323 375
323 443
323 472
323 487
324 325
324 342
324 357
324 365
324 412
324 424
324 476
325 328
325 333
325 337
325 339
325 343
325 349
325 371
325 417
325 426
325 448
325 476
326 358
326 395
326 415
326 433
326 454
326 489
326 491
327 332
327 333
327 345
327 348
327 372
327 457
327 500
328 341
328 345
328 357
328 372
328 373
328 374
328 383
328 391
328 425
328 430
328 431
328 433
329 342
329 365
329 388
329 393
329 394
329 405
329 444
330 343
330 420
330 445
330 473
330 497
330 498
330 500
331 370
331 456
332 401
332 411
332 427
332 498
333 368
333 377
333 398
333 423
333 443
333 481
333 491
334 372
334 396
334 442
335 407
335 418
335 419
336 368
336 399
336 401
336 409
336 414
336 439
336 461
336 469
336 471
336 497
337 342
337 343
337 349
337 352
337 360
337 368
337 372
337 394
337 475
338 343
338 350
338 351
338 392
338 434
338 445
338 454
338 458
338 469
338 474
339 413
339 427
339 447
339 458
339 486
340 356
340 361
340 366
340 369
340 389
340 445
340 457
340 460
340 478
340 485
341 356
341 380
341 403
341 420
342 364
342 391
342 450
342 457
342 463
342 481
343 416
343 450
343 480
344 356
344 373
344 379
344 382
344 402
344 411
344 419
345 353
345 361
345 372
345 386
345 409
345 423
345 433
345 449
345 497
346 403
346 409
346 429
346 476
346 483
346 499
347 366
347 370
347 381
347 386
347 392
347 420
347 422
347 427
347 446
347 457
347 464
347 479
348 354
348 373
348 387
348 390
348 416
348 420
348 453
348 466
348 497
349 407
349 441
349 457
349 478
349 494
349 498
350 359
350 389
350 391
350 444
350 469
351 369
351 379
351 404
351 407
351 441
351 452
351 454
351 488
351 499
352 373
352 415
352 484
352 491
353 378
353 428
353 486
354 387
354 406
354 459
355 386
355 394
355 398
355 429
355 441
355 462
355 493
355 494
356 367
356 391
356 406
356 411
356 456
356 462
357 440
357 463
357 469
357 475
357 480
357 489
358 402
358 441
358 489
358 500
359 393
359 472
359 481
359 498
360 382
360 400
360 405
360 474
360 481
361 427
361 467
361 496
362 443
362 444
362 491
363 370
363 427
364 380
364 405
364 414
364 424
364 451
364 482
365 374
365 455
365 473
365 483
365 487
366 369
366 382
366 389
366 391
366 433
366 441
366 443
366 450
367 370
367 408
367 431
367 440
367 451
367 466
367 491
367 496
368 385
368 391
368 404
368 417
368 433
368 449
368 453
368 458
368 471
369 376
369 407
369 409
369 415
369 424
369 469
369 491
370 384
370 453
370 462
370 496
371 380
371 407
371 420
371 446
371 468
371 474
372 433
373 382
373 422
373 442
373 481
374 436
374 440
374 477
375 386
375 393
375 397
375 453
375 468
375 474
376 379
376 381
376 385
376 402
376 405
376 407
376 418
377 383
377 402
377 410
377 413
377 426
377 438
378 398
378 405
378 417
378 418
378 449
378 461
378 463
379 404
379 421
379 450
379 465
379 472
379 487
379 491
379 496
380 407
380 438
380 461
380 477
381 500
382 421
382 443
382 448
382 462
382 474
383 409
383 417
383 456
384 469
384 473
385 469
385 476
385 500
386 397
386 412
386 436
386 455
386 460
386 470
386 497
387 388
387 392
387 416
387 437
387 494
388 429
388 456
388 465
388 474
389 400
389 402
389 417
389 419
389 458
389 459
389 490
390 446
390 474
390 481
390 496
391 398
391 406
391 454
391 465
391 467
391 474
391 477
391 499
392 445
392 449
392 465
392 467
392 486
393 396
393 475
393 500
394 399
394 449
394 484
394 489
394 494
394 499
395 403
395 434
395 451
395 476
395 478
395 479
396 446
396 454
396 456
396 481
396 486
396 490
397 405
398 411
398 418
398 442
398 445
398 458
398 468
399 426
399 460
400 406
400 419
400 478
400 493
400 495
401 408
401 411
401 423
401 435
401 479
401 485
402 414
402 449
402 467
403 434
403 464
403 475
403 482
404 418
404 434
404 453
404 498
405 415
405 449
405 482
406 420
406 425
406 454
406 474
406 491
406 495
407 412
407 424
407 466
410 423
410 444
410 455
411 497
412 418
413 447
413 452
414 420
414 494
415 441
415 471
415 483
415 484
415 485
416 445
416 455
416 458
416 468
417 445
418 460
419 429
419 439
420 462
421 463
421 486
422 448
422 451
422 458
422 472
423 478
424 435
424 462
425 453
425 458
425 483
425 487
426 480
426 494
427 447
428 455
428 459
428 463
428 481
428 482
429 448
429 449
429 471
429 488
430 431
430 437
430 495
431 471
431 481
432 489
433 447
434 448
434 462
435 465
436 439
436 466
436 494
437 470
437 491
437 498
438 451
438 472
440 455
440 464
440 492
441 474
441 493
441 495
443 462
444 458
445 452
445 458
445 459
445 470
447 488
448 469
448 486
448 488
448 500
449 465
449 473
449 484
451 467
452 487
452 497
453 454
453 496
454 460
455 499
455 500
456 489
459 486
461 470
461 479
462 484
462 488
463 490
465 469
465 477
465 478
465 485
465 496
466 476
466 478
467 488
467 493
467 496
468 480
468 490
469 482
469 498
470 473
471 482
471 483
471 490
471 495
473 500
474 493
476 499
477 491
478 485
483 493
493 494
