50 93
1 26
2 25
2 26
2 37
2 46
3 4
3 5
3 11
4 15
4 24
5 6
5 15
5 30
6 23
6 48
6 50
7 13
7 19
7 23
7 27
7 35
7 49
8 11
8 49
9 20
9 27
9 28
9 32
9 38
10 19
10 24
10 26
10 33
11 49
12 13
12 36
13 22
13 36
14 27
14 32
14 40
16 36
16 46
17 30
17 32
17 34
18 20
18 23
18 27
18 33
18 43
20 25
20 27
20 32
21 29
21 38
22 36
22 39
22 40
22 46
22 50
23 31
23 46
24 36
25 28
25 35
25 40
27 29
27 31
27 36
27 38
27 43
27 45
28 36
30 31
30 33
31 36
31 38
32 38
34 43
34 46
34 50
38 42
38 46
40 48
40 49
40 50
41 43
41 50
42 46
43 46
43 48
46 50
